RStudio/Xiphophorus/MaxEnt Models/Xiphophorus birchmanni/Xiphophorus_birchmanni.asc
ncols         432
nrows         590
xllcorner     -101.36634685401
yllcorner     19.040437502918
cellsize      0.008333332798
NODATA_value  -9999
[rows 324 to 350 of 590, columns 366 to 426 of 432]
2.77768E-1 2.22816E-1 2.01261E-1 1.47852E-1 1.10893E-1 1.37295E-1 1.47417E-1 1.28694E-1 9.54564E-2 8.785E-2 9.36297E-2 1.1024E-1 1.53102E-1 1.79908E-1 2.00496E-1 2.02883E-1 1.9715E-1 2.01725E-1 1.98663E-1 1.52034E-1 1.14677E-1 7.74916E-2 5.75093E-2 5.01481E-2 4.69457E-2 5.23951E-2 6.99654E-2 1.0221E-1 1.53641E-1 1.75562E-1 1.73208E-1 1.70047E-1 1.54373E-1 1.62518E-1 1.4226E-1 1.57063E-1 1.60853E-1 1.44302E-1 1.0288E-1 1.01039E-1 9.90426E-2 8.77001E-2 8.41022E-2 8.35879E-2 8.33747E-2 6.8839E-2 6.44651E-2 3.64596E-2 2.46938E-2 0E0 1.54166E-2 -9999 -9999 -9999 -9999 -9999 -9999 -9999 -9999 -9999 -9999
3.26664E-1 2.48295E-1 2.14972E-1 1.59319E-1 1.19075E-1 1.14496E-1 1.4275E-1 1.53695E-1 1.33386E-1 8.7304E-2 8.83573E-2 6.63529E-2 1.21064E-1 1.72113E-1 2.18458E-1 2.15379E-1 2.16068E-1 2.08799E-1 2.06794E-1 1.64091E-1 1.28716E-1 1.00785E-1 8.31861E-2 8.01055E-2 4.83973E-2 5.51432E-2 7.06925E-2 9.56108E-2 1.46017E-1 1.70374E-1 1.64428E-1 1.8229E-1 1.61758E-1 1.4585E-1 1.55856E-1 1.38149E-1 1.63574E-1 1.43729E-1 8.15096E-2 9.74871E-2 1.00461E-1 9.28708E-2 8.60592E-2 7.41369E-2 7.85589E-2 6.58062E-2 5.73234E-2 3.40399E-2 2.43509E-2 0E0 -9999 -9999 -9999 -9999 -9999 -9999 -9999 -9999 -9999 -9999 -9999
3.66762E-1 2.78629E-1 2.44671E-1 1.8663E-1 1.6553E-1 1.21309E-1 1.5164E-1 1.92129E-1 1.42207E-1 9.71269E-2 8.00838E-2 8.60553E-2 1.26462E-1 1.73706E-1 2.15654E-1 2.37398E-1 2.25418E-1 2.34218E-1 2.22955E-1 1.93884E-1 1.58669E-1 1.33932E-1 1.22515E-1 8.76049E-2 5.29531E-2 4.67431E-2 7.62189E-2 1.00634E-1 1.39278E-1 1.68116E-1 1.55046E-1 1.83497E-1 1.89487E-1 1.85995E-1 1.83466E-1 1.67111E-1 1.53747E-1 1.8375E-1 9.99298E-2 9.41766E-2 9.90945E-2 9.21389E-2 8.95176E-2 8.08971E-2 7.16065E-2 6.09082E-2 5.24591E-2 3.74252E-2 3.51395E-2 3.19479E-2 -9999 -9999 -9999 -9999 -9999 -9999 -9999 -9999 -9999 -9999 -9999
3.92496E-1 3.43663E-1 3.06381E-1 2.33478E-1 1.79058E-1 1.32189E-1 1.64361E-1 1.76393E-1 1.70724E-1 1.50731E-1 1.05776E-1 1.2685E-1 1.249E-1 1.38233E-1 1.81176E-1 2.22295E-1 2.45512E-1 2.45868E-1 2.34308E-1 2.3146E-1 1.99891E-1 1.80362E-1 1.38494E-1 1.0545E-1 8.99418E-2 5.36646E-2 6.61534E-2 9.5029E-2 1.27504E-1 1.24261E-1 1.78859E-1 1.93923E-1 1.97665E-1 1.8545E-1 1.69896E-1 1.72586E-1 1.86706E-1 1.72846E-1 1.17884E-1 1.1357E-1 9.90225E-2 9.51114E-2 8.58735E-2 7.93279E-2 5.96516E-2 4.90122E-2 4.24034E-2 3.7364E-2 3.67717E-2 -9999 -9999 -9999 -9999 -9999 -9999 -9999 -9999 -9999 -9999 -9999 -9999
4.13956E-1 3.92636E-1 3.39726E-1 2.50433E-1 1.92463E-1 1.42924E-1 1.37448E-1 1.69459E-1 2.11493E-1 1.59361E-1 1.17914E-1 1.1128E-1 1.19817E-1 1.12581E-1 1.50824E-1 1.88509E-1 2.2207E-1 2.47058E-1 2.48271E-1 2.44019E-1 2.40016E-1 2.1823E-1 1.70555E-1 1.35691E-1 9.75272E-2 5.95585E-2 6.72086E-2 9.21053E-2 1.18949E-1 1.2973E-1 1.66066E-1 2.0056E-1 2.03616E-1 1.9649E-1 1.7865E-1 1.48413E-1 1.69857E-1 1.74671E-1 1.0274E-1 1.20416E-1 1.16295E-1 1.06734E-1 1.02054E-1 8.94892E-2 6.36159E-2 4.42702E-2 3.9644E-2 3.90978E-2 -9999 -9999 -9999 -9999 -9999 -9999 -9999 -9999 -9999 -9999 -9999 -9999 -9999
4.26078E-1 4.18874E-1 3.74103E-1 2.8441E-1 2.253E-1 1.97357E-1 1.47645E-1 1.841E-1 2.27819E-1 1.88254E-1 1.6383E-1 1.18982E-1 1.05742E-1 1.28769E-1 1.49497E-1 1.76367E-1 1.99697E-1 2.41131E-1 2.69051E-1 2.6294E-1 2.64524E-1 2.62103E-1 1.882E-1 1.43101E-1 1.06334E-1 6.79492E-2 6.36753E-2 9.10649E-2 1.27818E-1 1.53125E-1 1.89271E-1 1.86684E-1 2.03612E-1 2.04013E-1 1.98544E-1 1.83333E-1 1.63711E-1 1.92557E-1 8.82823E-2 1.06086E-1 1.04687E-1 9.23383E-2 1.02326E-1 9.41119E-2 6.73233E-2 4.90693E-2 4.14802E-2 4.08441E-2 -9999 -9999 -9999 -9999 -9999 -9999 -9999 -9999 -9999 -9999 -9999 -9999 -9999
4.51696E-1 4.44479E-1 4.35303E-1 3.515E-1 2.76705E-1 2.07778E-1 1.56827E-1 1.93471E-1 2.40876E-1 2.4493E-1 1.95126E-1 1.71502E-1 1.20849E-1 1.10875E-1 1.50066E-1 1.66942E-1 1.83129E-1 2.3138E-1 2.8067E-1 2.70607E-1 2.74565E-1 2.50221E-1 1.74429E-1 1.68225E-1 1.28898E-1 1.04709E-1 8.41898E-2 1.08554E-1 1.23269E-1 1.45878E-1 1.75984E-1 1.56103E-1 1.63463E-1 1.95016E-1 1.71893E-1 1.59343E-1 1.81581E-1 1.73323E-1 9.52352E-2 1.05738E-1 8.55869E-2 7.91439E-2 9.78809E-2 9.50292E-2 6.7977E-2 4.68754E-2 4.33572E-2 4.25577E-2 -9999 -9999 -9999 -9999 -9999 -9999 -9999 -9999 -9999 -9999 -9999 -9999 -9999
5.50741E-1 5.69043E-1 5.20567E-1 4.05621E-1 3.14057E-1 2.31879E-1 1.77076E-1 2.21911E-1 2.38356E-1 2.76756E-1 2.66124E-1 2.10687E-1 1.59187E-1 1.11722E-1 1.14041E-1 1.61495E-1 1.90731E-1 2.44462E-1 2.94016E-1 2.90242E-1 2.91232E-1 2.46335E-1 1.82651E-1 2.0304E-1 1.72723E-1 1.29669E-1 9.7786E-2 9.11504E-2 1.17292E-1 1.4637E-1 1.33647E-1 1.24254E-1 1.1781E-1 1.36311E-1 1.52184E-1 1.32618E-1 1.23028E-1 1.2081E-1 1.234E-1 1.39663E-1 1.21307E-1 1.07947E-1 1.32275E-1 1.32661E-1 1.29323E-1 9.03124E-2 7.01134E-2 -9999 -9999 -9999 -9999 -9999 -9999 -9999 -9999 -9999 -9999 -9999 -9999 -9999 -9999
6.07097E-1 6.02067E-1 5.48415E-1 4.27595E-1 3.31304E-1 2.49202E-1 1.88808E-1 1.82861E-1 2.25242E-1 2.78271E-1 3.37377E-1 2.75991E-1 1.80652E-1 1.13349E-1 1.07409E-1 1.64903E-1 2.09484E-1 2.54683E-1 3.24272E-1 3.2353E-1 3.19615E-1 2.66129E-1 2.6953E-1 2.45242E-1 1.89403E-1 1.52553E-1 1.37014E-1 9.6633E-2 1.22369E-1 1.24439E-1 1.30621E-1 1.43705E-1 1.28799E-1 1.6663E-1 1.71278E-1 1.43494E-1 9.79317E-2 8.84405E-2 9.16647E-2 9.80692E-2 1.28214E-1 1.3769E-1 1.30422E-1 -9999 -9999 -9999 -9999 -9999 -9999 -9999 -9999 -9999 -9999 -9999 -9999 -9999 -9999 -9999 -9999 -9999 -9999
6.16739E-1 6.16616E-1 5.52246E-1 4.63762E-1 3.67433E-1 2.94089E-1 2.60521E-1 1.93614E-1 2.40254E-1 2.95865E-1 3.5499E-1 3.4025E-1 2.30353E-1 1.58521E-1 1.22445E-1 1.71913E-1 2.28672E-1 2.59827E-1 3.12517E-1 3.4532E-1 3.10227E-1 2.79654E-1 3.12042E-1 2.28211E-1 2.1544E-1 1.84587E-1 1.45281E-1 1.03816E-1 1.03851E-1 1.016E-1 1.29596E-1 1.23868E-1 1.32736E-1 1.55523E-1 1.31057E-1 1.22177E-1 9.01471E-2 7.89916E-2 6.99754E-2 9.36984E-2 9.80671E-2 1.15599E-1 1.29292E-1 -9999 -9999 -9999 -9999 -9999 -9999 -9999 -9999 -9999 -9999 -9999 -9999 -9999 -9999 -9999 -9999 -9999 -9999
5.99319E-1 5.88846E-1 5.31183E-1 4.99705E-1 4.39312E-1 3.59565E-1 2.77776E-1 2.0755E-1 2.5263E-1 2.72145E-1 3.20809E-1 3.77152E-1 2.86138E-1 2.03291E-1 1.42934E-1 1.94644E-1 2.16187E-1 2.4227E-1 2.90473E-1 3.60627E-1 3.00078E-1 2.90312E-1 3.11418E-1 2.29597E-1 2.01267E-1 1.99068E-1 1.68466E-1 1.33888E-1 1.34086E-1 9.79108E-2 9.93597E-2 1.01706E-1 1.25743E-1 1.14669E-1 8.62758E-2 1.02962E-1 1.0746E-1 5.63571E-2 5.4569E-2 8.17897E-2 8.85922E-2 8.90035E-2 -9999 -9999 -9999 -9999 -9999 -9999 -9999 -9999 -9999 -9999 -9999 -9999 -9999 -9999 -9999 -9999 -9999 -9999 -9999
6.52753E-1 5.90058E-1 5.96973E-1 5.66995E-1 4.66804E-1 3.71644E-1 2.76586E-1 2.02566E-1 2.04028E-1 2.6202E-1 3.22306E-1 3.96344E-1 3.09572E-1 2.33764E-1 1.72128E-1 1.64878E-1 2.03119E-1 2.47902E-1 2.89494E-1 3.52753E-1 3.38084E-1 3.17141E-1 3.31982E-1 2.27221E-1 2.15227E-1 2.24946E-1 2.11058E-1 2.00277E-1 1.63661E-1 1.42341E-1 1.42254E-1 9.72674E-2 8.96596E-2 8.51443E-2 7.78353E-2 6.60173E-2 6.89977E-2 5.99657E-2 6.70426E-2 9.65804E-2 -9999 -9999 -9999 -9999 -9999 -9999 -9999 -9999 -9999 -9999 -9999 -9999 -9999 -9999 -9999 -9999 -9999 -9999 -9999 -9999 -9999
6.83512E-1 6.37883E-1 6.4828E-1 6.15525E-1 4.37953E-1 3.8536E-1 3.17527E-1 3.00378E-1 2.15199E-1 2.74087E-1 3.41912E-1 4.23429E-1 3.45161E-1 2.72073E-1 2.30288E-1 1.71267E-1 2.14776E-1 2.30922E-1 2.64622E-1 3.02691E-1 3.21992E-1 3.75942E-1 3.73098E-1 2.62045E-1 2.37252E-1 2.87772E-1 2.71702E-1 2.54374E-1 2.08286E-1 1.84749E-1 1.59407E-1 1.23294E-1 1.31476E-1 1.23226E-1 1.26095E-1 1.18446E-1 1.12502E-1 1.03929E-1 9.01507E-2 -9999 -9999 -9999 -9999 -9999 -9999 -9999 -9999 -9999 -9999 -9999 -9999 -9999 -9999 -9999 -9999 -9999 -9999 -9999 -9999 -9999 -9999
6.84617E-1 6.88264E-1 6.75218E-1 6.49506E-1 4.56122E-1 3.79459E-1 2.86549E-1 2.62777E-1 2.21327E-1 2.87055E-1 3.51866E-1 4.39587E-1 4.15464E-1 3.29391E-1 2.44187E-1 1.83542E-1 1.77868E-1 2.2359E-1 2.37393E-1 2.67866E-1 2.75828E-1 3.61859E-1 4.08136E-1 3.29835E-1 2.56741E-1 3.21482E-1 3.45237E-1 3.00793E-1 2.59197E-1 2.43079E-1 2.10102E-1 1.90186E-1 1.7107E-1 1.58261E-1 1.59461E-1 1.55886E-1 1.54233E-1 -9999 -9999 -9999 -9999 -9999 -9999 -9999 -9999 -9999 -9999 -9999 -9999 -9999 -9999 -9999 -9999 -9999 -9999 -9999 -9999 -9999 -9999 -9999 -9999
7.07724E-1 7.15358E-1 6.70476E-1 6.7305E-1 5.58166E-1 3.757E-1 2.68215E-1 2.63761E-1 2.31417E-1 2.72202E-1 3.65107E-1 4.67485E-1 4.65234E-1 3.69337E-1 2.89497E-1 2.53928E-1 1.89326E-1 1.84142E-1 2.27369E-1 2.40238E-1 2.81097E-1 3.24345E-1 3.31358E-1 2.9599E-1 2.76405E-1 3.38254E-1 3.44286E-1 3.30261E-1 3.26381E-1 2.96411E-1 2.69398E-1 2.36843E-1 2.25541E-1 2.23777E-1 2.31721E-1 -9999 -9999 -9999 -9999 -9999 -9999 -9999 -9999 -9999 -9999 -9999 -9999 -9999 -9999 -9999 -9999 -9999 -9999 -9999 -9999 -9999 -9999 -9999 -9999 -9999 -9999
7.79386E-1 7.46363E-1 7.00297E-1 6.92727E-1 5.22674E-1 3.77246E-1 3.32758E-1 3.43859E-1 2.22296E-1 2.31038E-1 3.55042E-1 4.88777E-1 5.33872E-1 4.45739E-1 3.77689E-1 3.00508E-1 2.61981E-1 1.95732E-1 1.89578E-1 2.38775E-1 2.52812E-1 2.49082E-1 1.93692E-1 2.28581E-1 3.2202E-1 3.54769E-1 3.4967E-1 3.50207E-1 3.44653E-1 3.20911E-1 3.10317E-1 2.88788E-1 3.12477E-1 3.30871E-1 3.15389E-1 -9999 -9999 -9999 -9999 -9999 -9999 -9999 -9999 -9999 -9999 -9999 -9999 -9999 -9999 -9999 -9999 -9999 -9999 -9999 -9999 -9999 -9999 -9999 -9999 -9999 -9999
8.14553E-1 7.91321E-1 7.34281E-1 6.79811E-1 5.25122E-1 4.4592E-1 3.28691E-1 2.15927E-1 1.88287E-1 1.92375E-1 3.14062E-1 4.89353E-1 5.90296E-1 5.4219E-1 4.55723E-1 3.88871E-1 3.10174E-1 2.71579E-1 2.03455E-1 1.99312E-1 2.46176E-1 2.06076E-1 2.17702E-1 2.57499E-1 2.8827E-1 2.96404E-1 3.28678E-1 4.0694E-1 3.89374E-1 3.42917E-1 3.00526E-1 3.28086E-1 3.61531E-1 3.66388E-1 -9999 -9999 -9999 -9999 -9999 -9999 -9999 -9999 -9999 -9999 -9999 -9999 -9999 -9999 -9999 -9999 -9999 -9999 -9999 -9999 -9999 -9999 -9999 -9999 -9999 -9999 -9999
8.17013E-1 7.58439E-1 6.65863E-1 6.12215E-1 4.66136E-1 3.55568E-1 3.468E-1 1.99454E-1 2.85385E-1 2.53924E-1 2.71916E-1 4.26125E-1 5.84666E-1 6.07823E-1 5.5368E-1 4.61678E-1 3.92768E-1 3.18368E-1 2.77807E-1 2.10148E-1 2.02132E-1 1.94916E-1 2.35498E-1 2.31007E-1 2.40752E-1 2.87791E-1 3.10245E-1 3.71105E-1 4.15772E-1 3.86292E-1 3.84092E-1 3.87742E-1 4.00579E-1 -9999 -9999 -9999 -9999 -9999 -9999 -9999 -9999 -9999 -9999 -9999 -9999 -9999 -9999 -9999 -9999 -9999 -9999 -9999 -9999 -9999 -9999 -9999 -9999 -9999 -9999 -9999 -9999
7.76686E-1 7.10267E-1 5.90966E-1 5.26167E-1 3.75871E-1 2.67576E-1 2.78433E-1 2.40914E-1 2.66476E-1 3.03066E-1 3.66374E-1 4.29741E-1 4.75359E-1 5.83045E-1 6.23357E-1 5.64729E-1 4.72397E-1 4.03802E-1 3.27678E-1 2.84478E-1 2.7433E-1 2.08034E-1 2.00152E-1 1.91513E-1 2.3392E-1 2.45243E-1 2.86969E-1 3.49407E-1 4.35577E-1 4.21448E-1 4.18011E-1 4.18973E-1 -9999 -9999 -9999 -9999 -9999 -9999 -9999 -9999 -9999 -9999 -9999 -9999 -9999 -9999 -9999 -9999 -9999 -9999 -9999 -9999 -9999 -9999 -9999 -9999 -9999 -9999 -9999 -9999 -9999
7.212E-1 6.60862E-1 5.22866E-1 4.03625E-1 2.95383E-1 2.25946E-1 2.71869E-1 2.20428E-1 1.56989E-1 1.81222E-1 3.72362E-1 4.69021E-1 4.89576E-1 5.56412E-1 6.16895E-1 6.27584E-1 5.82363E-1 5.15708E-1 4.50352E-1 4.17093E-1 3.5141E-1 3.07561E-1 2.98586E-1 2.25136E-1 2.06688E-1 2.50926E-1 2.57142E-1 3.41288E-1 4.18897E-1 4.32826E-1 4.27985E-1 3.53978E-1 -9999 -9999 -9999 -9999 -9999 -9999 -9999 -9999 -9999 -9999 -9999 -9999 -9999 -9999 -9999 -9999 -9999 -9999 -9999 -9999 -9999 -9999 -9999 -9999 -9999 -9999 -9999 -9999 -9999
7.18293E-1 6.54481E-1 4.7753E-1 2.05148E-1 2.32705E-1 2.23263E-1 3.1328E-1 2.74741E-1 2.80436E-1 1.72173E-1 2.04609E-1 3.62651E-1 4.75718E-1 4.75218E-1 5.27683E-1 5.67468E-1 6.22048E-1 5.74343E-1 5.53873E-1 5.10507E-1 4.34281E-1 4.03635E-1 3.45048E-1 3.00916E-1 2.25982E-1 2.70535E-1 2.92685E-1 3.60896E-1 4.24587E-1 4.57776E-1 4.33919E-1 -9999 -9999 -9999 -9999 -9999 -9999 -9999 -9999 -9999 -9999 -9999 -9999 -9999 -9999 -9999 -9999 -9999 -9999 -9999 -9999 -9999 -9999 -9999 -9999 -9999 -9999 -9999 -9999 -9999 -9999
7.34538E-1 5.72491E-1 2.47465E-1 1.65756E-1 2.79409E-1 1.87698E-1 2.24443E-1 3.60087E-1 3.86386E-1 2.90669E-1 3.16139E-1 3.0239E-1 2.91779E-1 4.05074E-1 4.62287E-1 4.43091E-1 5.66251E-1 6.24867E-1 6.21866E-1 5.96131E-1 5.40417E-1 4.98363E-1 4.10643E-1 3.14759E-1 2.3534E-1 2.90955E-1 2.73546E-1 3.23012E-1 3.80474E-1 4.60091E-1 -9999 -9999 -9999 -9999 -9999 -9999 -9999 -9999 -9999 -9999 -9999 -9999 -9999 -9999 -9999 -9999 -9999 -9999 -9999 -9999 -9999 -9999 -9999 -9999 -9999 -9999 -9999 -9999 -9999 -9999 -9999
7.00013E-1 5.57006E-1 2.53861E-1 1.54611E-1 1.48612E-1 1.56626E-1 1.56909E-1 1.90267E-1 3.33594E-1 2.38243E-1 3.02833E-1 3.76084E-1 3.26107E-1 3.41095E-1 2.65094E-1 2.97072E-1 4.04229E-1 5.2177E-1 5.36487E-1 5.49594E-1 5.99468E-1 5.2668E-1 4.17352E-1 3.11946E-1 2.28956E-1 2.05587E-1 2.26562E-1 2.87097E-1 3.52039E-1 3.82894E-1 -9999 -9999 -9999 -9999 -9999 -9999 -9999 -9999 -9999 -9999 -9999 -9999 -9999 -9999 -9999 -9999 -9999 -9999 -9999 -9999 -9999 -9999 -9999 -9999 -9999 -9999 -9999 -9999 -9999 -9999 -9999
5.49732E-1 3.21784E-1 2.94494E-1 1.36352E-1 1.54339E-1 1.80166E-1 2.01847E-1 2.63156E-1 3.32833E-1 3.14472E-1 2.99305E-1 3.42691E-1 3.26492E-1 2.0546E-1 1.84367E-1 1.67022E-1 2.7545E-1 4.18951E-1 4.39506E-1 4.7379E-1 5.29022E-1 5.36781E-1 4.45721E-1 3.38135E-1 2.71987E-1 2.13192E-1 2.45869E-1 2.94587E-1 3.75214E-1 4.30393E-1 -9999 -9999 -9999 -9999 -9999 -9999 -9999 -9999 -9999 -9999 -9999 -9999 -9999 -9999 -9999 -9999 -9999 -9999 -9999 -9999 -9999 -9999 -9999 -9999 -9999 -9999 -9999 -9999 -9999 -9999 -9999
3.29205E-1 2.61851E-1 3.77196E-1 1.54169E-1 1.51412E-1 2.05846E-1 2.31837E-1 2.78945E-1 3.34516E-1 3.52141E-1 3.11784E-1 2.79012E-1 3.07313E-1 3.16539E-1 3.5319E-1 3.12382E-1 2.02592E-1 3.19794E-1 3.49441E-1 4.10897E-1 4.46591E-1 4.46013E-1 4.35608E-1 3.77822E-1 3.19624E-1 2.43721E-1 2.63158E-1 3.24496E-1 3.7088E-1 4.52671E-1 4.37298E-1 -9999 -9999 -9999 -9999 -9999 -9999 -9999 -9999 -9999 -9999 -9999 -9999 -9999 -9999 -9999 -9999 -9999 -9999 -9999 -9999 -9999 -9999 -9999 -9999 -9999 -9999 -9999 -9999 -9999 -9999
1.73983E-1 1.70023E-1 3.21914E-1 1.70842E-1 1.80504E-1 2.54563E-1 3.4258E-1 3.50252E-1 3.79233E-1 3.952E-1 3.17775E-1 2.57508E-1 3.19156E-1 3.41598E-1 3.33266E-1 2.5807E-1 1.68981E-1 2.36362E-1 2.76422E-1 3.68192E-1 3.63075E-1 3.56655E-1 3.46948E-1 3.48396E-1 2.73889E-1 2.42711E-1 2.49119E-1 3.20132E-1 3.97913E-1 4.77453E-1 4.54383E-1 -9999 -9999 -9999 -9999 -9999 -9999 -9999 -9999 -9999 -9999 -9999 -9999 -9999 -9999 -9999 -9999 -9999 -9999 -9999 -9999 -9999 -9999 -9999 -9999 -9999 -9999 -9999 -9999 -9999 -9999
1.32782E-1 1.1216E-1 1.64653E-1 1.33787E-1 2.46424E-1 4.4993E-1 4.76966E-1 4.77186E-1 4.31105E-1 3.44284E-1 3.39343E-1 2.976E-1 2.59311E-1 2.383E-1 3.22531E-1 3.77322E-1 2.68754E-1 2.67552E-1 2.76227E-1 3.08041E-1 2.82659E-1 2.53523E-1 2.52907E-1 2.71917E-1 2.76639E-1 3.40761E-1 3.2081E-1 3.66906E-1 4.18267E-1 4.93528E-1 4.87885E-1 -9999 -9999 -9999 -9999 -9999 -9999 -9999 -9999 -9999 -9999 -9999 -9999 -9999 -9999 -9999 -9999 -9999 -9999 -9999 -9999 -9999 -9999 -9999 -9999 -9999 -9999 -9999 -9999 -9999 -9999
