RStudio/Xiphophorus/MaxEnt Models/Xiphophorus birchmanni/Xiphophorus_birchmanni.asc
ncols         432
nrows         590
xllcorner     -101.36634685401
yllcorner     19.040437502918
cellsize      0.008333332798
NODATA_value  -9999
[rows 135 to 161 of 590, columns 305 to 365 of 432]
2.35205E-3 2.18038E-3 1.81443E-3 1.25119E-3 1.15496E-3 1.0749E-3 1.0715E-3 1.06414E-3 1.05327E-3 1.04393E-3 1.04357E-3 1.11853E-3 1.37101E-3 1.5639E-3 1.98179E-3 2.48472E-3 2.51078E-3 2.52675E-3 2.44876E-3 2.41951E-3 2.51087E-3 1.98635E-3 1.50525E-3 1.19787E-3 1.1266E-3 8.40755E-4 1.10209E-3 1.08123E-3 1.05551E-3 1.34138E-3 1.80799E-3 2.19043E-3 2.82119E-3 3.29451E-3 3.36443E-3 3.45699E-3 3.57275E-3 3.62535E-3 3.63944E-3 5.65323E-3 5.99564E-3 6.27867E-3 6.5814E-3 6.80966E-3 6.9681E-3 7.02237E-3 7.07663E-3 7.16313E-3 7.1187E-3 7.02175E-3 6.87271E-3 6.65285E-3 6.57625E-3 6.40172E-3 -9999 -9999 -9999 -9999 -9999 -9999 -9999
2.02941E-3 1.88707E-3 1.56339E-3 1.10777E-3 1.09522E-3 8.1756E-4 8.15386E-4 8.09792E-4 8.0605E-4 7.94576E-4 7.85065E-4 1.00588E-3 1.13571E-3 1.40497E-3 1.6294E-3 2.20102E-3 2.59565E-3 2.58539E-3 2.59771E-3 2.5132E-3 2.27684E-3 1.85686E-3 1.43072E-3 1.09644E-3 8.72974E-4 8.69613E-4 1.14844E-3 1.48587E-3 1.52361E-3 1.72603E-3 2.22026E-3 2.87482E-3 3.35685E-3 3.44671E-3 3.54196E-3 3.63978E-3 3.74146E-3 3.81881E-3 3.83512E-3 5.81868E-3 6.35936E-3 6.66512E-3 6.98256E-3 7.18167E-3 7.3477E-3 7.43367E-3 7.34922E-3 7.23663E-3 7.16981E-3 7.12846E-3 7.00389E-3 6.73428E-3 6.57686E-3 6.3459E-3 -9999 -9999 -9999 -9999 -9999 -9999 -9999
1.63294E-3 1.40878E-3 1.39718E-3 8.46356E-4 8.36787E-4 8.33572E-4 1.09387E-3 1.09291E-3 1.0884E-3 1.06622E-3 7.95616E-4 7.65734E-4 1.0591E-3 1.15817E-3 1.42679E-3 1.82088E-3 2.3425E-3 2.6463E-3 2.70976E-3 2.34138E-3 1.90542E-3 1.59127E-3 1.27392E-3 1.16966E-3 8.9057E-4 1.15529E-3 1.28514E-3 1.64067E-3 2.1492E-3 2.37182E-3 2.87678E-3 3.41796E-3 3.53105E-3 3.62746E-3 3.70688E-3 3.81241E-3 3.8523E-3 3.9792E-3 4.09223E-3 6.0651E-3 6.59987E-3 7.04357E-3 7.28549E-3 7.33384E-3 7.36204E-3 7.27548E-3 7.2418E-3 7.19812E-3 7.13744E-3 7.04344E-3 6.82417E-3 6.61475E-3 6.48964E-3 6.48077E-3 -9999 -9999 -9999 -9999 -9999 -9999 -9999
1.44172E-3 1.07179E-3 1.06355E-3 8.53076E-4 1.11686E-3 1.11373E-3 1.20803E-3 1.4259E-3 1.46026E-3 1.23121E-3 1.08574E-3 8.07184E-4 8.14533E-4 1.07923E-3 1.18478E-3 1.56043E-3 1.89388E-3 2.0446E-3 2.15541E-3 1.9546E-3 1.58324E-3 1.31424E-3 1.17779E-3 9.10361E-4 9.24166E-4 1.20901E-3 1.61433E-3 2.094E-3 2.52191E-3 3.14449E-3 3.39815E-3 3.56257E-3 3.66526E-3 3.79228E-3 3.90259E-3 3.99369E-3 4.01263E-3 4.22038E-3 4.36907E-3 6.48253E-3 6.97989E-3 7.17492E-3 7.2479E-3 7.25362E-3 7.16388E-3 7.15249E-3 7.10166E-3 7.11953E-3 7.09638E-3 7.02699E-3 7.04239E-3 6.82154E-3 6.62187E-3 6.43544E-3 -9999 -9999 -9999 -9999 -9999 -9999 -9999
9.10987E-4 8.92022E-4 1.17209E-3 1.54387E-3 1.70829E-3 2.01249E-3 2.07273E-3 2.4141E-3 2.51226E-3 2.13884E-3 1.66899E-3 1.45833E-3 1.07927E-3 1.1056E-3 1.47112E-3 1.57088E-3 1.88329E-3 1.91386E-3 1.99342E-3 1.92142E-3 1.62154E-3 1.49654E-3 1.14226E-3 1.1507E-3 1.42713E-3 1.69838E-3 2.22276E-3 2.28362E-3 2.88919E-3 2.94775E-3 3.324E-3 3.54813E-3 3.66668E-3 3.77599E-3 3.93949E-3 4.01443E-3 3.99694E-3 4.32971E-3 4.38203E-3 8.61729E-3 9.20602E-3 9.32681E-3 9.36637E-3 9.28109E-3 9.35895E-3 9.3492E-3 9.17375E-3 9.19739E-3 9.53286E-3 9.47181E-3 9.18444E-3 5.55646E-3 5.37584E-3 5.19979E-3 -9999 -9999 -9999 -9999 -9999 -9999 -9999
1.2169E-3 1.18437E-3 1.28432E-3 1.98877E-3 2.12695E-3 2.56892E-3 2.80298E-3 3.12398E-3 3.15881E-3 2.50649E-3 2.04478E-3 1.57739E-3 1.40224E-3 1.10676E-3 1.11845E-3 1.42225E-3 1.44227E-3 1.4513E-3 1.54743E-3 1.83976E-3 1.50268E-3 1.16581E-3 1.16789E-3 1.5618E-3 1.78007E-3 2.26158E-3 2.74489E-3 2.53996E-3 2.85652E-3 2.8714E-3 3.28797E-3 3.66632E-3 3.84861E-3 3.98779E-3 4.14645E-3 4.17126E-3 4.20517E-3 4.42821E-3 4.46013E-3 8.70628E-3 9.05915E-3 9.28861E-3 9.44052E-3 9.42685E-3 9.24194E-3 9.18205E-3 9.36863E-3 9.32963E-3 9.30054E-3 9.10236E-3 9.37363E-3 5.54899E-3 5.25321E-3 -9999 -9999 -9999 -9999 -9999 -9999 -9999 -9999
1.63642E-3 1.56425E-3 1.61032E-3 2.49752E-3 2.79201E-3 3.20924E-3 3.64525E-3 3.54131E-3 3.56228E-3 3.06544E-3 2.36721E-3 1.96684E-3 1.63355E-3 1.51009E-3 1.13099E-3 1.06782E-3 1.07824E-3 1.10561E-3 1.48895E-3 1.4907E-3 1.55726E-3 1.1898E-3 1.59877E-3 1.779E-3 2.09203E-3 2.65069E-3 3.17934E-3 2.64782E-3 2.55612E-3 2.48405E-3 3.14729E-3 3.72492E-3 4.00697E-3 4.19202E-3 4.36563E-3 4.39985E-3 4.3988E-3 4.42499E-3 4.53468E-3 8.78721E-3 9.05411E-3 9.25082E-3 9.37646E-3 9.18795E-3 9.06232E-3 9.33997E-3 9.25152E-3 9.02795E-3 9.00052E-3 9.29332E-3 9.3463E-3 5.44329E-3 5.20136E-3 -9999 -9999 -9999 -9999 -9999 -9999 -9999 -9999
2.07915E-3 2.13789E-3 2.21622E-3 3.34502E-3 3.6992E-3 3.51526E-3 3.52354E-3 3.44566E-3 3.40531E-3 3.25858E-3 2.87853E-3 2.30477E-3 2.00789E-3 1.63747E-3 1.4982E-3 1.40047E-3 1.40731E-3 1.10098E-3 1.13882E-3 1.16822E-3 1.19525E-3 1.21951E-3 1.61632E-3 2.09184E-3 2.56638E-3 3.01019E-3 2.51636E-3 1.74469E-3 1.80629E-3 2.12313E-3 3.01831E-3 3.70429E-3 4.15699E-3 4.3684E-3 4.38243E-3 4.43791E-3 4.45007E-3 4.37556E-3 4.52327E-3 8.78638E-3 9.05214E-3 9.13725E-3 9.33884E-3 9.21556E-3 9.26215E-3 9.2723E-3 9.15485E-3 9.16491E-3 9.14532E-3 9.20857E-3 9.27039E-3 5.45712E-3 -9999 -9999 -9999 -9999 -9999 -9999 -9999 -9999 -9999
2.61866E-3 2.88025E-3 2.91587E-3 3.79689E-3 3.62348E-3 3.48406E-3 3.47252E-3 3.33338E-3 3.31523E-3 3.17455E-3 3.29004E-3 2.99469E-3 2.41265E-3 2.05815E-3 1.9525E-3 1.80928E-3 1.5801E-3 1.46254E-3 1.52112E-3 1.179E-3 1.61061E-3 1.61876E-3 1.8043E-3 2.28903E-3 2.95512E-3 3.03188E-3 2.06247E-3 1.20226E-3 1.28058E-3 1.80513E-3 2.84002E-3 3.57482E-3 4.23224E-3 4.36843E-3 4.40293E-3 4.44255E-3 4.45284E-3 4.44149E-3 4.50425E-3 8.76374E-3 8.99896E-3 9.11567E-3 9.28266E-3 9.26956E-3 9.26145E-3 9.37449E-3 9.22623E-3 9.22185E-3 9.22038E-3 9.20238E-3 9.22335E-3 -9999 -9999 -9999 -9999 -9999 -9999 -9999 -9999 -9999 -9999
3.02146E-3 2.98556E-3 2.95582E-3 3.78543E-3 3.55075E-3 3.49294E-3 3.47147E-3 3.35286E-3 3.33682E-3 3.30856E-3 3.22029E-3 3.18381E-3 2.8245E-3 2.5976E-3 2.50462E-3 2.34275E-3 2.11684E-3 2.01521E-3 1.55036E-3 1.13484E-3 1.5242E-3 2.10596E-3 2.2862E-3 2.78927E-3 3.3307E-3 2.52157E-3 1.70655E-3 8.07017E-4 9.51283E-4 1.46815E-3 2.29872E-3 3.3287E-3 3.98467E-3 4.30105E-3 4.45464E-3 4.45477E-3 4.48145E-3 4.45221E-3 4.43136E-3 8.68603E-3 9.02486E-3 9.14122E-3 9.15491E-3 9.18497E-3 9.09127E-3 8.98161E-3 9.09146E-3 8.7907E-3 -9999 -9999 -9999 -9999 -9999 -9999 -9999 -9999 -9999 -9999 -9999 -9999 -9999
3.06231E-3 3.01217E-3 2.94831E-3 3.7594E-3 3.50531E-3 3.37819E-3 3.34123E-3 3.30999E-3 3.17279E-3 3.23457E-3 3.23705E-3 3.25269E-3 3.29808E-3 3.28571E-3 3.26892E-3 3.00423E-3 2.67412E-3 2.05072E-3 1.57089E-3 1.19297E-3 1.57641E-3 2.15426E-3 2.72838E-3 3.06556E-3 3.12945E-3 2.27381E-3 1.71466E-3 1.02636E-3 1.04175E-3 1.53667E-3 2.74591E-3 3.38378E-3 4.10467E-3 4.35647E-3 4.44713E-3 4.48726E-3 4.49718E-3 4.48929E-3 4.44689E-3 8.66579E-3 9.03537E-3 9.15034E-3 9.18427E-3 8.9975E-3 8.79185E-3 8.92047E-3 8.93422E-3 -9999 -9999 -9999 -9999 -9999 -9999 -9999 -9999 -9999 -9999 -9999 -9999 -9999 -9999
3.07036E-3 3.03777E-3 2.95275E-3 3.73538E-3 3.49985E-3 3.30017E-3 3.37204E-3 3.21166E-3 3.07455E-3 3.27023E-3 3.24932E-3 3.21871E-3 3.22248E-3 3.32551E-3 3.43974E-3 3.46848E-3 2.69891E-3 2.07432E-3 1.58035E-3 1.2244E-3 1.64807E-3 1.88369E-3 2.28347E-3 2.40728E-3 2.44215E-3 1.87396E-3 1.98935E-3 1.82636E-3 1.90427E-3 2.00211E-3 2.88477E-3 3.88363E-3 4.24333E-3 4.4146E-3 4.47204E-3 4.48055E-3 4.5168E-3 4.49105E-3 4.40946E-3 8.87359E-3 9.03203E-3 9.03652E-3 9.03452E-3 8.80771E-3 8.83923E-3 8.69969E-3 8.62947E-3 -9999 -9999 -9999 -9999 -9999 -9999 -9999 -9999 -9999 -9999 -9999 -9999 -9999 -9999
3.10352E-3 3.04931E-3 2.97856E-3 3.79993E-3 3.60189E-3 3.47506E-3 3.47862E-3 3.23736E-3 3.29857E-3 3.46152E-3 3.48933E-3 3.35394E-3 3.0349E-3 3.34503E-3 3.45962E-3 3.49497E-3 2.6806E-3 2.06262E-3 1.58009E-3 1.23269E-3 1.28009E-3 1.74106E-3 1.76548E-3 1.8007E-3 2.05095E-3 2.28429E-3 2.80144E-3 2.98171E-3 2.89636E-3 3.45588E-3 3.96755E-3 4.05669E-3 4.0407E-3 4.40453E-3 4.4761E-3 4.5322E-3 4.52743E-3 4.46495E-3 4.39045E-3 9.04158E-3 9.00257E-3 8.9901E-3 9.05955E-3 8.88415E-3 8.6009E-3 8.71414E-3 8.6463E-3 -9999 -9999 -9999 -9999 -9999 -9999 -9999 -9999 -9999 -9999 -9999 -9999 -9999 -9999
3.13363E-3 3.07856E-3 2.98613E-3 3.84833E-3 3.73276E-3 3.61933E-3 3.5712E-3 3.44569E-3 3.46537E-3 3.50121E-3 3.51456E-3 3.52923E-3 3.46179E-3 3.61472E-3 3.63792E-3 3.41786E-3 2.50513E-3 2.09877E-3 1.78696E-3 1.65277E-3 1.29246E-3 1.34677E-3 1.37387E-3 1.36231E-3 1.90847E-3 2.67919E-3 3.29456E-3 3.40189E-3 3.85147E-3 4.13495E-3 4.29052E-3 4.18305E-3 4.23473E-3 4.33964E-3 4.46008E-3 4.55741E-3 4.55325E-3 4.48707E-3 4.49606E-3 9.0812E-3 8.9659E-3 8.95667E-3 8.83831E-3 8.7255E-3 8.73474E-3 8.957E-3 8.94658E-3 -9999 -9999 -9999 -9999 -9999 -9999 -9999 -9999 -9999 -9999 -9999 -9999 -9999 -9999
3.16338E-3 3.08915E-3 2.99594E-3 3.90338E-3 3.82173E-3 3.72856E-3 3.6611E-3 3.59979E-3 3.5452E-3 3.54245E-3 3.52196E-3 3.57496E-3 3.55549E-3 3.53836E-3 3.43031E-3 3.21435E-3 2.89821E-3 2.44583E-3 2.21773E-3 1.81663E-3 1.73384E-3 1.80116E-3 1.90041E-3 1.4478E-3 2.00557E-3 2.38836E-3 3.16868E-3 3.37756E-3 4.32966E-3 4.34673E-3 4.32139E-3 4.30651E-3 4.41293E-3 4.48618E-3 4.52202E-3 4.55371E-3 4.54823E-3 4.48888E-3 4.51359E-3 9.03855E-3 8.90018E-3 8.81464E-3 8.80133E-3 8.86913E-3 8.95566E-3 8.8726E-3 8.82099E-3 8.70892E-3 -9999 -9999 -9999 -9999 -9999 -9999 -9999 -9999 -9999 -9999 -9999 -9999 -9999
3.17696E-3 3.10241E-3 3.02403E-3 3.93682E-3 3.87648E-3 3.80026E-3 3.7293E-3 3.68593E-3 3.6482E-3 3.57425E-3 3.54463E-3 3.25748E-3 3.04949E-3 3.14606E-3 3.1747E-3 3.15128E-3 3.26281E-3 3.0218E-3 2.65087E-3 2.38133E-3 2.313E-3 2.46981E-3 1.92767E-3 1.50489E-3 1.57523E-3 2.21361E-3 3.11295E-3 3.30023E-3 4.38302E-3 4.34882E-3 4.14857E-3 4.22615E-3 4.43572E-3 4.56402E-3 4.56492E-3 4.62349E-3 4.52298E-3 4.5249E-3 4.5372E-3 8.98983E-3 8.91808E-3 8.74688E-3 8.80082E-3 8.8595E-3 8.77244E-3 8.72189E-3 8.53686E-3 8.5922E-3 -9999 -9999 -9999 -9999 -9999 -9999 -9999 -9999 -9999 -9999 -9999 -9999 -9999
8.69722E-3 8.48661E-3 8.23007E-3 1.27779E-2 1.2646E-2 1.2467E-2 1.22282E-2 1.19349E-2 1.18018E-2 1.16177E-2 1.12015E-2 1.06738E-2 9.87222E-3 9.79235E-3 9.98599E-3 2.42266E-3 2.58111E-3 2.71313E-3 2.54173E-3 2.55362E-3 2.42001E-3 2.13677E-3 1.74846E-3 1.62765E-3 1.28757E-3 1.83614E-3 2.54826E-3 3.50608E-3 4.53048E-3 4.48782E-3 4.38596E-3 4.40733E-3 4.62632E-3 4.77262E-3 4.78868E-3 4.79159E-3 4.74091E-3 4.75728E-3 4.74024E-3 4.4816E-3 4.441E-3 4.44938E-3 4.42705E-3 4.35304E-3 4.42294E-3 4.26267E-3 4.22621E-3 4.47851E-3 -9999 -9999 -9999 -9999 -9999 -9999 -9999 -9999 -9999 -9999 -9999 -9999 -9999
8.77566E-3 8.59915E-3 8.3462E-3 1.30311E-2 1.28081E-2 1.2615E-2 1.22946E-2 1.20631E-2 1.21317E-2 1.17875E-2 1.11403E-2 1.00403E-2 9.80368E-3 9.90319E-3 9.90516E-3 2.38283E-3 2.56574E-3 2.94025E-3 2.71996E-3 2.35506E-3 2.07936E-3 1.71357E-3 1.58618E-3 1.24392E-3 1.31414E-3 1.8626E-3 2.54277E-3 3.52169E-3 4.49791E-3 4.5186E-3 4.27939E-3 4.41496E-3 4.69223E-3 4.80875E-3 4.84003E-3 4.81307E-3 4.76799E-3 4.79322E-3 4.7165E-3 4.48021E-3 4.52419E-3 4.40208E-3 4.3861E-3 4.36323E-3 4.49681E-3 4.30779E-3 4.42969E-3 4.5324E-3 4.42481E-3 4.57166E-3 4.54197E-3 7.68901E-3 -9999 -9999 -9999 -9999 -9999 -9999 -9999 -9999 -9999
8.84854E-3 8.68006E-3 8.47589E-3 1.31635E-2 1.29931E-2 1.27114E-2 1.24585E-2 1.22181E-2 1.19199E-2 1.22046E-2 1.15181E-2 1.05818E-2 9.97263E-3 1.00996E-2 1.02962E-2 2.52289E-3 2.75299E-3 3.10545E-3 2.53813E-3 2.03201E-3 1.66107E-3 1.53491E-3 1.21029E-3 1.27607E-3 1.75454E-3 2.08848E-3 2.71479E-3 3.76683E-3 4.72625E-3 4.52616E-3 4.50656E-3 4.56517E-3 4.76044E-3 4.87798E-3 4.88695E-3 4.84455E-3 4.84619E-3 4.80306E-3 4.78805E-3 4.57089E-3 4.51028E-3 4.37561E-3 4.22353E-3 4.27013E-3 4.43131E-3 4.36511E-3 4.42798E-3 4.55322E-3 4.59709E-3 4.60039E-3 4.67048E-3 7.84027E-3 -9999 -9999 -9999 -9999 -9999 -9999 -9999 -9999 -9999
8.986E-3 8.77393E-3 8.61262E-3 1.33332E-2 1.30223E-2 1.28586E-2 1.25932E-2 1.23394E-2 1.21047E-2 1.19453E-2 1.1873E-2 1.12693E-2 1.09814E-2 1.05586E-2 1.03598E-2 2.70542E-3 2.98457E-3 3.12118E-3 2.44569E-3 1.91176E-3 1.49435E-3 1.19225E-3 1.2638E-3 1.7678E-3 2.06753E-3 2.71519E-3 3.26542E-3 3.59993E-3 3.62804E-3 3.51587E-3 3.61619E-3 4.19505E-3 4.74259E-3 4.85896E-3 4.98276E-3 4.89427E-3 4.94488E-3 4.89073E-3 4.83127E-3 4.52479E-3 4.44852E-3 4.33821E-3 4.20845E-3 4.2858E-3 4.37252E-3 4.35168E-3 4.48283E-3 4.51506E-3 4.45853E-3 4.58896E-3 4.69772E-3 8.05323E-3 -9999 -9999 -9999 -9999 -9999 -9999 -9999 -9999 -9999
9.08293E-3 8.92544E-3 8.77338E-3 1.34935E-2 1.31163E-2 1.30845E-2 1.27813E-2 1.25789E-2 1.23894E-2 1.21593E-2 1.1868E-2 1.17978E-2 1.16008E-2 1.08595E-2 1.0606E-2 2.43168E-3 2.75342E-3 3.06582E-3 2.46252E-3 1.94667E-3 1.55441E-3 1.22768E-3 1.30156E-3 1.83123E-3 2.18039E-3 2.60416E-3 2.62661E-3 2.75596E-3 2.72684E-3 2.67802E-3 2.93381E-3 3.47455E-3 3.52499E-3 3.68072E-3 3.91816E-3 4.42044E-3 5.01923E-3 4.91178E-3 4.74381E-3 4.58449E-3 4.49558E-3 4.36009E-3 4.40286E-3 4.42988E-3 4.48415E-3 4.51808E-3 4.60519E-3 4.6188E-3 4.61379E-3 4.61694E-3 4.61863E-3 8.08948E-3 8.06362E-3 -9999 -9999 -9999 -9999 -9999 -9999 -9999 -9999
9.18349E-3 9.08358E-3 8.88964E-3 1.37476E-2 1.34627E-2 1.32662E-2 1.31314E-2 1.29099E-2 1.26626E-2 1.23524E-2 1.19909E-2 1.18548E-2 1.19376E-2 1.16951E-2 1.15188E-2 2.5699E-3 2.58757E-3 3.10912E-3 2.64147E-3 2.14865E-3 1.75649E-3 1.68218E-3 1.328E-3 1.41914E-3 1.9726E-3 1.98601E-3 2.01574E-3 2.09658E-3 2.07989E-3 2.08832E-3 2.3592E-3 2.71555E-3 2.60511E-3 2.80185E-3 3.06378E-3 3.62263E-3 3.83746E-3 4.28347E-3 4.89453E-3 4.61222E-3 4.56435E-3 4.60587E-3 4.65103E-3 4.62649E-3 4.58098E-3 4.60219E-3 4.59252E-3 4.45189E-3 4.635E-3 4.81199E-3 4.67381E-3 7.64453E-3 7.92528E-3 9.65406E-3 9.67354E-3 -9999 -9999 -9999 -9999 -9999 -9999
9.24201E-3 9.148E-3 9.00389E-3 1.40306E-2 1.37375E-2 1.35599E-2 1.34217E-2 1.3218E-2 1.30541E-2 1.28241E-2 1.25393E-2 1.23441E-2 1.24582E-2 1.20134E-2 1.19772E-2 2.77787E-3 2.72961E-3 2.95075E-3 2.94883E-3 2.45298E-3 2.28863E-3 1.93739E-3 1.83259E-3 1.45152E-3 1.48187E-3 1.51811E-3 1.53849E-3 1.59318E-3 1.61951E-3 1.62343E-3 2.10258E-3 2.04816E-3 2.03842E-3 2.1759E-3 2.45897E-3 2.85003E-3 2.9703E-3 3.54325E-3 4.29323E-3 4.72977E-3 4.80548E-3 4.76057E-3 4.70362E-3 4.54633E-3 4.48301E-3 4.56466E-3 4.54936E-3 4.46763E-3 4.56563E-3 4.63679E-3 4.6523E-3 7.81627E-3 9.59133E-3 9.49328E-3 9.27155E-3 -9999 -9999 -9999 -9999 -9999 -9999
9.30388E-3 9.21701E-3 9.12551E-3 1.42454E-2 1.40567E-2 1.38762E-2 1.37934E-2 1.36325E-2 1.37334E-2 1.27425E-2 1.32466E-2 1.30725E-2 1.29262E-2 1.28207E-2 1.25569E-2 2.94838E-3 3.03873E-3 3.21436E-3 3.36559E-3 3.1094E-3 2.79328E-3 2.5285E-3 2.04233E-3 1.90026E-3 2.04601E-3 2.05548E-3 2.08191E-3 2.14953E-3 2.1648E-3 1.64582E-3 1.6187E-3 1.59701E-3 1.58681E-3 1.67544E-3 2.22279E-3 2.1358E-3 2.43107E-3 3.01435E-3 3.67658E-3 4.39152E-3 4.80942E-3 4.72223E-3 4.53775E-3 4.32144E-3 4.15941E-3 4.48349E-3 4.57796E-3 4.72593E-3 4.5165E-3 4.54257E-3 4.62244E-3 9.66986E-3 9.51332E-3 9.46721E-3 9.37274E-3 9.47012E-3 9.07103E-3 -9999 -9999 -9999 -9999
9.36942E-3 9.39365E-3 9.27113E-3 1.45733E-2 1.44813E-2 1.42663E-2 1.42487E-2 1.38634E-2 1.35803E-2 1.38814E-2 1.37123E-2 1.35702E-2 1.34648E-2 1.34105E-2 1.34303E-2 3.14695E-3 3.4054E-3 3.58907E-3 3.7E-3 3.78866E-3 3.50082E-3 2.90586E-3 2.53359E-3 2.52687E-3 2.68316E-3 2.72205E-3 2.81516E-3 2.93193E-3 2.49846E-3 2.24115E-3 2.23699E-3 2.18536E-3 2.17043E-3 1.70946E-3 1.702E-3 1.67207E-3 2.17168E-3 2.51656E-3 3.19075E-3 3.53327E-3 4.29212E-3 4.64115E-3 4.33302E-3 4.3848E-3 4.30726E-3 4.34239E-3 4.61559E-3 4.65839E-3 4.56708E-3 4.57328E-3 4.59225E-3 9.74077E-3 9.55783E-3 9.60276E-3 9.62558E-3 9.48046E-3 9.01254E-3 8.62745E-3 -9999 -9999 -9999
9.61748E-3 9.54685E-3 9.54519E-3 1.5007E-2 1.48307E-2 1.47223E-2 1.45824E-2 1.4466E-2 1.45372E-2 1.43703E-2 1.42297E-2 1.41219E-2 1.40571E-2 1.40486E-2 1.41151E-2 3.31564E-3 3.58958E-3 3.77271E-3 3.92476E-3 4.10814E-3 4.31445E-3 3.94027E-3 3.64526E-3 3.64016E-3 3.76387E-3 3.79009E-3 3.90988E-3 3.84582E-3 3.22993E-3 3.05081E-3 3.04676E-3 3.02833E-3 2.51779E-3 2.3171E-3 2.33066E-3 1.73119E-3 1.7336E-3 2.31998E-3 2.51841E-3 3.00805E-3 3.83294E-3 4.74303E-3 4.64581E-3 4.52456E-3 4.56016E-3 4.67668E-3 4.72587E-3 4.59402E-3 4.66064E-3 4.59105E-3 5.88421E-3 9.87693E-3 9.91377E-3 9.90727E-3 9.54256E-3 9.26019E-3 8.86725E-3 8.93564E-3 8.83761E-3 -9999 -9999
9.83362E-3 9.83027E-3 9.83979E-3 1.5476E-2 1.53948E-2 1.52475E-2 1.49575E-2 1.48535E-2 1.46044E-2 1.49912E-2 1.47917E-2 1.4718E-2 1.46908E-2 1.47224E-2 1.48271E-2 3.46844E-3 3.80112E-3 3.96889E-3 4.13812E-3 4.31478E-3 4.52111E-3 4.75115E-3 5.00147E-3 5.22501E-3 5.31918E-3 5.33196E-3 5.30743E-3 4.90047E-3 4.28569E-3 4.07257E-3 4.06919E-3 3.91774E-3 3.3281E-3 3.10872E-3 2.59583E-3 2.33527E-3 1.77904E-3 1.79805E-3 2.32693E-3 2.86943E-3 3.6988E-3 4.82125E-3 4.89268E-3 4.87704E-3 4.84667E-3 4.77207E-3 4.63864E-3 4.65568E-3 4.62026E-3 4.76964E-3 5.91954E-3 1.01968E-2 1.03619E-2 9.83183E-3 9.35504E-3 9.31089E-3 9.17015E-3 9.13123E-3 9.27956E-3 8.81742E-3 8.61439E-3
