RStudio/Xiphophorus/MaxEnt Models/Xiphophorus birchmanni/Xiphophorus_birchmanni.asc
ncols         432
nrows         590
xllcorner     -101.36634685401
yllcorner     19.040437502918
cellsize      0.008333332798
NODATA_value  -9999
[rows 54 to 80 of 590, columns 183 to 243 of 432]
-9999 -9999 -9999 -9999 -9999 -9999 -9999 -9999 -9999 -9999 -9999 -9999 -9999 -9999 -9999 -9999 -9999 -9999 -9999 -9999 -9999 -9999 -9999 -9999 -9999 -9999 -9999 2.7861E-3 2.19015E-3 3.64233E-3 4.95292E-3 6.54652E-3 8.4473E-3 8.53195E-3 8.17587E-3 7.74048E-3 8.52724E-3 8.11173E-3 7.0147E-3 7.5039E-3 8.35029E-3 3.82352E-3 3.82373E-3 3.4879E-3 3.13961E-3 2.58542E-3 2.68024E-3 2.59224E-3 2.61621E-3 2.64627E-3 2.66447E-3 2.67244E-3 2.71905E-3 2.37775E-3 2.40012E-3 2.43854E-3 2.50913E-3 2.32475E-3 2.15741E-3 2.00119E-3 1.90366E-3
-9999 -9999 -9999 -9999 -9999 -9999 -9999 -9999 -9999 -9999 -9999 -9999 -9999 -9999 -9999 -9999 -9999 -9999 -9999 -9999 -9999 -9999 -9999 -9999 -9999 -9999 -9999 2.45735E-3 1.98415E-3 2.80057E-3 3.70476E-3 4.87214E-3 6.44389E-3 6.00483E-3 6.24967E-3 5.86115E-3 5.96577E-3 6.36526E-3 5.32559E-3 5.11521E-3 6.24574E-3 3.05543E-3 3.00269E-3 3.01148E-3 2.63539E-3 2.26546E-3 2.1041E-3 2.09541E-3 2.1213E-3 2.14036E-3 2.16454E-3 2.17886E-3 2.22638E-3 2.12201E-3 2.14319E-3 2.18199E-3 2.23982E-3 2.07287E-3 1.95735E-3 1.81473E-3 1.70349E-3
-9999 -9999 -9999 -9999 -9999 -9999 -9999 -9999 -9999 -9999 -9999 -9999 -9999 -9999 -9999 -9999 -9999 -9999 -9999 -9999 -9999 -9999 -9999 -9999 -9999 -9999 -9999 2.41932E-3 1.94043E-3 2.79673E-3 3.69836E-3 4.80139E-3 6.46829E-3 6.51138E-3 6.35491E-3 5.85042E-3 6.34584E-3 6.26441E-3 5.46315E-3 4.79275E-3 6.07585E-3 2.77037E-3 3.03334E-3 2.7649E-3 2.44474E-3 2.08585E-3 2.07669E-3 2.1232E-3 2.15923E-3 2.18432E-3 2.2174E-3 2.24991E-3 2.2987E-3 2.17174E-3 2.19849E-3 2.23122E-3 2.28182E-3 2.16258E-3 2.04807E-3 1.92932E-3 1.86343E-3
-9999 -9999 -9999 -9999 -9999 -9999 -9999 -9999 -9999 -9999 -9999 -9999 -9999 -9999 -9999 -9999 -9999 -9999 -9999 -9999 -9999 -9999 -9999 -9999 -9999 -9999 -9999 2.12461E-3 1.77538E-3 2.7533E-3 3.7011E-3 4.78877E-3 6.25932E-3 6.53236E-3 6.25988E-3 6.00936E-3 6.37023E-3 6.20116E-3 5.33651E-3 4.65379E-3 5.17797E-3 2.98715E-3 3.02507E-3 3.01362E-3 2.54506E-3 2.10631E-3 2.09297E-3 2.15323E-3 2.19843E-3 2.21511E-3 2.25311E-3 2.3057E-3 2.35656E-3 2.24731E-3 2.26452E-3 2.29024E-3 2.3409E-3 2.20136E-3 2.10679E-3 1.99089E-3 1.92891E-3
-9999 -9999 -9999 -9999 -9999 -9999 -9999 -9999 -9999 -9999 -9999 -9999 -9999 -9999 -9999 -9999 -9999 -9999 -9999 -9999 -9999 -9999 -9999 -9999 -9999 -9999 -9999 2.21406E-3 1.68343E-3 2.54141E-3 3.63108E-3 4.89381E-3 6.21137E-3 6.36925E-3 6.39748E-3 6.18157E-3 6.101E-3 6.27331E-3 5.10707E-3 4.56707E-3 4.69414E-3 2.52925E-3 2.98697E-3 2.9267E-3 2.20633E-3 2.10127E-3 2.13192E-3 2.19512E-3 2.23346E-3 2.27009E-3 2.31559E-3 2.35986E-3 2.39163E-3 2.28855E-3 2.33931E-3 2.36808E-3 2.35268E-3 2.22568E-3 2.13771E-3 1.97992E-3 1.94417E-3
-9999 -9999 -9999 -9999 -9999 -9999 -9999 -9999 -9999 -9999 -9999 -9999 -9999 -9999 -9999 -9999 -9999 -9999 -9999 -9999 -9999 -9999 -9999 -9999 -9999 -9999 2.20755E-3 1.63844E-3 1.65256E-3 2.33013E-3 3.19527E-3 4.83481E-3 6.47038E-3 6.25488E-3 6.32542E-3 6.02081E-3 5.69774E-3 6.15458E-3 4.85465E-3 4.51417E-3 4.4039E-3 2.65959E-3 3.03107E-3 3.00908E-3 2.34615E-3 2.17087E-3 2.18524E-3 2.22891E-3 2.27639E-3 2.32048E-3 2.36474E-3 2.40086E-3 2.42491E-3 2.3179E-3 2.36984E-3 2.43929E-3 2.35372E-3 2.25891E-3 2.13281E-3 2.02333E-3 1.90299E-3
-9999 -9999 -9999 -9999 -9999 -9999 -9999 -9999 -9999 -9999 -9999 -9999 -9999 -9999 -9999 -9999 -9999 -9999 -9999 -9999 -9999 -9999 -9999 5.90159E-3 4.5943E-3 3.56962E-3 2.43864E-3 1.6306E-3 1.64475E-3 2.34554E-3 3.06396E-3 4.46588E-3 5.70995E-3 6.43742E-3 6.18229E-3 6.12255E-3 5.76819E-3 5.51744E-3 4.68319E-3 4.84502E-3 4.28161E-3 2.7716E-3 2.26604E-3 2.43364E-3 2.75327E-3 2.14142E-3 2.23046E-3 2.28125E-3 2.31258E-3 2.34998E-3 2.40192E-3 2.4423E-3 2.46332E-3 2.35551E-3 2.39054E-3 2.44006E-3 2.41476E-3 2.23859E-3 2.10081E-3 1.77295E-3 1.45955E-3
-9999 -9999 -9999 -9999 -9999 -9999 -9999 -9999 -9999 -9999 -9999 -9999 -9999 -9999 -9999 -9999 -9999 -9999 -9999 -9999 -9999 -9999 5.13132E-3 5.67926E-3 4.56513E-3 3.66504E-3 2.76063E-3 2.07633E-3 1.61125E-3 2.35007E-3 2.56273E-3 3.54016E-3 4.81012E-3 6.52379E-3 6.41331E-3 6.09634E-3 6.36892E-3 5.78318E-3 5.20379E-3 4.87483E-3 4.33396E-3 2.45564E-3 2.17145E-3 2.15479E-3 2.15386E-3 2.21897E-3 2.25469E-3 2.3097E-3 2.35229E-3 2.39324E-3 2.4428E-3 2.49557E-3 2.5133E-3 2.39831E-3 2.42365E-3 2.47832E-3 2.53945E-3 2.07188E-3 1.67664E-3 1.46502E-3 1.20523E-3
-9999 -9999 -9999 -9999 -9999 -9999 -9999 -9999 -9999 -9999 -9999 -9999 -9999 -9999 -9999 -9999 -9999 -9999 -9999 -9999 -9999 -9999 5.15226E-3 5.21063E-3 4.486E-3 4.41496E-3 3.39737E-3 2.45792E-3 1.83669E-3 1.68702E-3 2.3832E-3 3.17113E-3 4.23718E-3 5.69231E-3 6.49947E-3 6.02819E-3 6.31784E-3 6.31735E-3 5.7582E-3 4.70592E-3 4.41045E-3 2.46876E-3 3.03434E-3 2.55482E-3 2.24307E-3 2.52835E-3 2.2491E-3 2.34215E-3 2.39758E-3 2.44472E-3 2.48996E-3 2.54614E-3 2.56829E-3 2.43554E-3 2.46195E-3 2.51405E-3 2.25916E-3 1.7811E-3 1.41736E-3 1.23814E-3 1.01667E-3
-9999 -9999 -9999 -9999 -9999 -9999 -9999 -9999 -9999 -9999 -9999 -9999 -9999 -9999 -9999 -9999 -9999 -9999 -9999 -9999 -9999 -9999 -9999 5.15094E-3 5.59213E-3 4.92089E-3 3.55819E-3 2.90729E-3 2.36934E-3 1.69824E-3 2.35448E-3 2.68156E-3 3.24013E-3 4.86708E-3 6.44066E-3 6.03757E-3 5.82773E-3 5.79031E-3 6.27732E-3 4.7221E-3 4.50905E-3 2.29911E-3 3.02389E-3 3.01725E-3 2.96982E-3 2.46642E-3 2.22745E-3 2.36467E-3 2.43478E-3 2.48871E-3 2.55155E-3 2.59892E-3 2.62578E-3 2.4813E-3 2.50178E-3 2.23863E-3 1.83492E-3 1.56301E-3 1.16542E-3 9.63605E-4 9.51869E-4
-9999 -9999 -9999 -9999 -9999 -9999 -9999 -9999 -9999 -9999 -9999 -9999 -9999 -9999 -9999 -9999 -9999 -9999 -9999 -9999 -9999 -9999 -9999 4.85553E-3 5.45649E-3 4.75282E-3 4.39749E-3 3.55909E-3 2.55321E-3 1.71433E-3 1.74194E-3 2.38672E-3 3.01268E-3 4.58495E-3 6.31573E-3 5.64505E-3 5.473E-3 6.18778E-3 5.57601E-3 4.81168E-3 4.55164E-3 2.24169E-3 2.89874E-3 2.84484E-3 2.82531E-3 2.73274E-3 2.24433E-3 2.4026E-3 2.481E-3 2.54129E-3 2.63051E-3 2.65396E-3 2.68584E-3 2.53617E-3 2.23927E-3 1.82755E-3 1.57464E-3 1.26048E-3 1.05503E-3 7.34928E-4 6.6127E-4
-9999 -9999 -9999 -9999 -9999 -9999 -9999 -9999 -9999 -9999 -9999 -9999 -9999 -9999 -9999 -9999 -9999 -9999 -9999 -9999 -9999 -9999 -9999 -9999 5.02002E-3 4.97359E-3 4.27062E-3 3.68485E-3 2.90423E-3 2.57809E-3 1.65651E-3 2.33972E-3 3.01233E-3 4.72547E-3 6.40964E-3 5.64415E-3 5.73065E-3 6.01799E-3 6.35965E-3 4.97979E-3 4.66751E-3 2.27236E-3 2.59085E-3 3.00305E-3 2.72804E-3 2.80015E-3 2.29359E-3 2.44711E-3 2.53358E-3 2.6086E-3 2.69776E-3 2.71135E-3 2.74531E-3 2.27554E-3 1.83531E-3 1.58677E-3 1.27209E-3 1.14687E-3 8.0756E-4 7.44472E-4 8.95677E-4
-9999 -9999 -9999 -9999 -9999 -9999 -9999 -9999 -9999 -9999 -9999 -9999 -9999 -9999 -9999 -9999 -9999 -9999 -9999 -9999 -9999 -9999 -9999 -9999 5.05214E-3 4.97297E-3 4.33119E-3 4.43546E-3 3.41139E-3 2.24139E-3 1.72935E-3 2.31558E-3 3.29336E-3 4.57265E-3 5.76432E-3 5.59986E-3 5.7014E-3 5.56591E-3 6.32252E-3 5.1762E-3 4.74971E-3 2.34198E-3 2.57655E-3 3.02724E-3 2.77415E-3 2.57217E-3 2.29603E-3 2.44227E-3 2.55022E-3 2.66737E-3 2.75621E-3 2.768E-3 2.80389E-3 2.04743E-3 1.58875E-3 1.29512E-3 1.17171E-3 8.61356E-4 8.20889E-4 9.91715E-4 1.18805E-3
-9999 -9999 -9999 -9999 -9999 -9999 -9999 -9999 -9999 -9999 -9999 -9999 -9999 -9999 -9999 -9999 -9999 -9999 -9999 -9999 -9999 -9999 -9999 -9999 4.01132E-3 3.85448E-3 4.49282E-3 4.82479E-3 3.62609E-3 1.90752E-3 1.38463E-3 1.862E-3 2.08293E-3 3.10098E-3 3.99284E-3 4.80963E-3 4.34213E-3 4.35407E-3 5.09518E-3 4.30795E-3 3.83808E-3 2.91931E-3 2.85861E-3 3.27086E-3 3.19769E-3 2.77432E-3 2.1143E-3 2.26715E-3 2.35992E-3 2.55209E-3 2.97068E-3 3.35996E-3 3.04073E-3 3.98559E-3 3.22481E-3 2.50306E-3 1.89546E-3 1.86657E-3 2.42752E-3 2.66065E-3 3.41489E-3
-9999 -9999 -9999 -9999 -9999 -9999 -9999 -9999 -9999 -9999 -9999 -9999 -9999 -9999 -9999 -9999 -9999 -9999 -9999 -9999 -9999 -9999 4.51979E-3 3.6319E-3 3.00564E-3 2.97153E-3 3.49195E-3 4.68765E-3 3.64636E-3 2.08862E-3 1.31173E-3 1.37866E-3 1.87751E-3 2.93954E-3 3.79397E-3 4.67586E-3 4.26516E-3 4.42399E-3 4.84867E-3 3.97591E-3 3.9493E-3 2.99412E-3 2.5411E-3 2.59131E-3 2.56333E-3 2.12884E-3 1.60158E-3 1.7093E-3 1.78618E-3 1.95846E-3 2.39117E-3 2.55089E-3 2.46934E-3 3.44328E-3 2.80793E-3 2.49384E-3 1.80051E-3 2.43018E-3 2.68429E-3 3.29701E-3 3.92906E-3
-9999 -9999 -9999 -9999 -9999 -9999 -9999 -9999 -9999 -9999 -9999 -9999 -9999 -9999 -9999 -9999 -9999 -9999 -9999 -9999 -9999 -9999 3.97202E-3 3.30888E-3 2.78151E-3 2.62656E-3 2.85817E-3 4.01611E-3 3.89735E-3 2.32078E-3 1.86272E-3 1.38065E-3 1.94439E-3 2.95956E-3 3.69053E-3 5.00912E-3 4.37775E-3 4.83317E-3 4.57907E-3 3.97421E-3 3.54647E-3 2.36149E-3 2.12825E-3 1.83067E-3 1.82011E-3 1.68205E-3 1.22974E-3 1.30775E-3 1.34918E-3 1.55851E-3 1.88821E-3 1.9246E-3 1.96506E-3 2.79716E-3 2.49719E-3 1.87771E-3 1.78396E-3 2.36734E-3 3.18481E-3 3.91832E-3 4.57249E-3
-9999 -9999 -9999 -9999 -9999 -9999 -9999 -9999 -9999 -9999 -9999 -9999 -9999 -9999 -9999 -9999 -9999 -9999 -9999 -9999 -9999 -9999 -9999 2.87367E-3 2.12156E-3 2.02081E-3 2.51112E-3 3.77091E-3 4.61604E-3 2.74683E-3 2.26703E-3 1.78719E-3 2.16041E-3 3.1889E-3 3.68918E-3 5.27212E-3 4.36014E-3 4.6762E-3 4.08869E-3 3.12444E-3 2.82829E-3 1.80026E-3 1.74687E-3 1.4547E-3 1.26994E-3 1.25689E-3 9.32039E-4 9.90017E-4 1.01965E-3 1.39354E-3 1.42769E-3 1.45305E-3 1.47455E-3 2.50595E-3 1.83195E-3 1.84584E-3 2.40156E-3 2.72802E-3 3.2531E-3 4.24478E-3 5.06417E-3
-9999 -9999 -9999 -9999 -9999 -9999 -9999 -9999 -9999 -9999 -9999 -9999 -9999 -9999 -9999 -9999 -9999 -9999 -9999 -9999 -9999 -9999 -9999 2.81934E-3 2.16649E-3 1.9794E-3 2.83011E-3 3.82239E-3 4.99241E-3 3.41803E-3 3.07085E-3 2.57569E-3 2.66708E-3 3.78639E-3 4.26222E-3 5.10506E-3 4.62405E-3 4.57118E-3 2.97186E-3 2.43918E-3 2.31583E-3 1.53582E-3 1.29444E-3 1.31955E-3 9.99274E-4 1.00711E-3 1.02749E-3 1.3896E-3 1.0303E-3 1.06296E-3 1.09251E-3 1.12433E-3 1.13685E-3 1.85205E-3 1.83412E-3 2.42868E-3 2.69727E-3 3.3484E-3 3.78951E-3 4.78759E-3 5.07661E-3
-9999 -9999 -9999 -9999 -9999 -9999 -9999 -9999 -9999 -9999 -9999 -9999 -9999 -9999 -9999 -9999 -9999 -9999 -9999 -9999 -9999 -9999 -9999 -9999 2.17665E-3 1.85198E-3 2.77687E-3 3.83992E-3 5.37442E-3 4.70813E-3 4.18479E-3 3.61339E-3 3.45543E-3 4.64057E-3 4.86764E-3 4.62893E-3 4.25135E-3 3.30594E-3 2.62365E-3 1.96254E-3 1.995E-3 1.54103E-3 9.91391E-4 9.68885E-4 1.00056E-3 1.38595E-3 1.43827E-3 1.51009E-3 1.42992E-3 1.45099E-3 1.50077E-3 1.1587E-3 1.56924E-3 2.49841E-3 2.4386E-3 2.69702E-3 3.41069E-3 3.90422E-3 4.66732E-3 5.14371E-3 5.34769E-3
-9999 -9999 -9999 -9999 -9999 -9999 -9999 -9999 -9999 -9999 -9999 -9999 -9999 -9999 -9999 -9999 -9999 -9999 -9999 -9999 -9999 -9999 -9999 -9999 2.13651E-3 1.58301E-3 2.69031E-3 3.84411E-3 5.22181E-3 5.20884E-3 5.85106E-3 5.45617E-3 5.08142E-3 5.49415E-3 4.86729E-3 4.09118E-3 3.37952E-3 2.87846E-3 2.06435E-3 1.79762E-3 1.4913E-3 1.02141E-3 1.15771E-3 1.46697E-3 1.31593E-3 1.64507E-3 2.05002E-3 1.88807E-3 1.85586E-3 1.95994E-3 1.502E-3 1.16945E-3 1.56207E-3 3.29289E-3 3.18173E-3 3.37928E-3 4.02018E-3 4.95796E-3 5.27819E-3 5.36427E-3 5.25637E-3
-9999 -9999 -9999 -9999 -9999 -9999 -9999 -9999 -9999 -9999 -9999 -9999 -9999 -9999 -9999 -9999 -9999 -9999 -9999 -9999 -9999 -9999 -9999 -9999 2.12513E-3 1.68137E-3 2.6863E-3 3.23969E-3 3.96822E-3 4.1026E-3 5.447E-3 5.75074E-3 5.50052E-3 5.42351E-3 5.2914E-3 3.63255E-3 2.83155E-3 2.43163E-3 2.22887E-3 1.44667E-3 1.59708E-3 1.29865E-3 1.43476E-3 1.73171E-3 1.83886E-3 2.22179E-3 2.54735E-3 2.48585E-3 2.49229E-3 1.98443E-3 1.5309E-3 1.16242E-3 1.5592E-3 3.23812E-3 4.1563E-3 4.13316E-3 5.07157E-3 5.59231E-3 5.45575E-3 5.33201E-3 5.53238E-3
-9999 -9999 -9999 -9999 -9999 -9999 -9999 -9999 -9999 -9999 -9999 -9999 -9999 -9999 -9999 -9999 -9999 -9999 -9999 -9999 -9999 -9999 -9999 -9999 2.11574E-3 1.59721E-3 1.98951E-3 2.86344E-3 3.47248E-3 3.33698E-3 4.08935E-3 4.44231E-3 4.94963E-3 5.34837E-3 4.62942E-3 3.32193E-3 2.88738E-3 2.0355E-3 1.61809E-3 1.66901E-3 2.19882E-3 1.79933E-3 1.73744E-3 2.20426E-3 2.52052E-3 2.5851E-3 3.24296E-3 3.30551E-3 2.50632E-3 1.98725E-3 1.54568E-3 1.16216E-3 1.5481E-3 3.26774E-3 3.96068E-3 5.25338E-3 5.712E-3 5.38957E-3 5.47664E-3 5.55561E-3 5.54865E-3
-9999 -9999 -9999 -9999 -9999 -9999 -9999 -9999 -9999 -9999 -9999 -9999 -9999 -9999 -9999 -9999 -9999 -9999 -9999 5.79353E-3 6.08414E-3 5.53822E-3 3.94589E-3 -9999 2.40916E-3 2.13795E-3 1.95013E-3 2.81744E-3 2.7578E-3 2.58607E-3 3.07978E-3 3.48037E-3 3.98085E-3 4.06611E-3 4.13493E-3 3.0702E-3 2.503E-3 2.04965E-3 1.40261E-3 2.04421E-3 2.53547E-3 2.268E-3 2.1698E-3 2.61584E-3 3.33967E-3 3.44295E-3 3.62297E-3 2.93189E-3 2.4086E-3 1.98033E-3 1.56065E-3 1.17255E-3 1.53899E-3 3.21866E-3 4.01031E-3 5.70549E-3 5.60218E-3 5.47453E-3 5.48652E-3 5.52126E-3 5.13996E-3
-9999 -9999 -9999 -9999 -9999 -9999 -9999 -9999 -9999 -9999 -9999 -9999 -9999 -9999 -9999 -9999 -9999 -9999 5.08803E-3 5.72165E-3 6.05528E-3 5.80514E-3 4.78433E-3 3.7211E-3 3.23479E-3 2.31261E-3 2.03158E-3 2.31737E-3 2.36282E-3 1.87454E-3 2.53377E-3 2.78745E-3 3.22094E-3 3.14267E-3 3.22111E-3 2.90388E-3 2.28141E-3 1.63438E-3 1.34198E-3 1.88937E-3 2.92714E-3 2.33475E-3 2.89722E-3 3.2594E-3 3.80837E-3 3.36718E-3 3.78508E-3 2.62446E-3 2.07224E-3 1.71292E-3 1.57874E-3 1.18638E-3 1.55676E-3 3.19053E-3 4.09953E-3 5.51794E-3 5.59226E-3 5.5775E-3 5.52406E-3 5.6426E-3 5.81442E-3
-9999 -9999 -9999 -9999 -9999 -9999 -9999 -9999 -9999 -9999 -9999 -9999 -9999 -9999 -9999 -9999 -9999 -9999 4.95052E-3 5.35855E-3 6.04451E-3 6.26795E-3 6.43107E-3 4.80452E-3 3.80236E-3 3.18945E-3 3.1871E-3 2.41453E-3 2.08718E-3 1.94477E-3 1.92637E-3 2.51718E-3 2.46541E-3 2.39152E-3 2.58051E-3 2.95548E-3 2.32485E-3 1.67804E-3 1.74824E-3 1.94268E-3 2.57681E-3 2.50271E-3 3.33323E-3 3.06577E-3 3.33529E-3 3.39053E-3 3.47247E-3 2.44074E-3 2.00434E-3 1.56307E-3 1.16204E-3 1.1279E-3 1.54904E-3 3.23747E-3 4.56901E-3 4.89027E-3 5.68822E-3 5.67301E-3 5.29075E-3 5.71832E-3 5.83513E-3
-9999 -9999 -9999 -9999 -9999 -9999 -9999 -9999 -9999 -9999 -9999 -9999 -9999 -9999 -9999 -9999 -9999 -9999 4.4037E-3 4.56795E-3 5.4387E-3 5.78962E-3 5.38636E-3 4.68202E-3 3.9655E-3 3.50434E-3 3.04336E-3 2.79663E-3 2.11819E-3 1.5965E-3 1.61386E-3 1.57513E-3 1.5417E-3 1.49833E-3 1.91541E-3 1.86445E-3 1.95599E-3 1.52238E-3 1.42267E-3 2.00193E-3 2.40381E-3 5.00376E-3 5.9946E-3 5.50312E-3 5.86808E-3 6.4368E-3 4.84045E-3 3.77371E-3 3.14042E-3 2.81438E-3 2.0729E-3 2.62292E-3 3.10119E-3 4.27486E-3 5.98492E-3 5.77138E-3 7.54749E-3 7.55196E-3 6.64337E-3 5.47531E-3 5.45052E-3
-9999 -9999 -9999 -9999 -9999 -9999 -9999 -9999 -9999 -9999 -9999 -9999 -9999 -9999 -9999 -9999 -9999 -9999 4.35802E-3 4.6518E-3 5.3018E-3 5.16629E-3 4.59862E-3 4.61933E-3 4.2717E-3 3.18075E-3 3.07771E-3 3.2179E-3 2.99389E-3 1.79474E-3 2.16234E-3 2.12007E-3 2.09067E-3 1.53911E-3 1.48206E-3 1.42831E-3 1.49107E-3 1.53457E-3 1.5037E-3 2.00827E-3 2.49098E-3 5.4756E-3 5.44198E-3 5.5794E-3 6.85441E-3 5.74895E-3 3.8095E-3 3.05829E-3 2.8386E-3 2.12181E-3 2.04666E-3 2.98705E-3 3.62054E-3 5.18523E-3 6.87173E-3 7.18524E-3 7.77034E-3 7.68187E-3 6.61771E-3 5.45034E-3 5.39993E-3
