RStudio/Xiphophorus/MaxEnt Models/Xiphophorus birchmanni/Xiphophorus_birchmanni.asc
ncols         432
nrows         590
xllcorner     -101.36634685401
yllcorner     19.040437502918
cellsize      0.008333332798
NODATA_value  -9999
[rows 459 to 485 of 590, columns 305 to 365 of 432]
8.71572E-4 8.70827E-4 9.07131E-4 1.6599E-3 1.69872E-3 1.12346E-3 8.03613E-4 6.14776E-4 4.5888E-4 6.09337E-4 6.9807E-4 8.58176E-4 1.52314E-3 1.73693E-3 1.80778E-3 6.56674E-3 7.48037E-3 7.30662E-3 7.54989E-3 7.55244E-3 7.79209E-3 7.57824E-3 7.59887E-3 7.61028E-3 7.64234E-3 6.56272E-3 6.63144E-3 4.923E-3 5.25438E-3 4.57442E-3 4.87369E-3 4.85688E-3 4.28293E-3 4.07399E-3 3.39206E-3 4.02128E-3 3.76842E-3 3.24538E-3 3.25727E-3 3.10059E-3 3.06693E-3 2.97037E-3 2.96051E-3 3.11627E-3 3.44108E-3 3.65345E-3 3.70597E-3 3.69064E-3 3.98651E-3 4.25885E-3 4.39131E-3 5.66549E-3 4.49727E-3 3.56707E-3 2.82505E-3 2.06003E-3 2.59663E-3 3.10915E-3 4.78299E-3 5.42535E-3 5.13812E-3
8.85896E-4 9.0394E-4 8.72007E-4 1.42351E-3 1.25103E-3 1.00753E-3 7.2399E-4 5.36858E-4 4.03433E-4 5.40767E-4 7.24762E-4 9.33804E-4 1.3381E-3 1.56883E-3 1.64393E-3 5.00222E-3 5.53625E-3 6.50262E-3 7.31127E-3 7.30725E-3 7.374E-3 7.41215E-3 7.44721E-3 7.52634E-3 7.53613E-3 7.51404E-3 6.73832E-3 5.33051E-3 4.84565E-3 4.6741E-3 4.79591E-3 5.49379E-3 4.60619E-3 5.4564E-3 3.96011E-3 5.09328E-3 3.41815E-3 3.61428E-3 3.46717E-3 3.22405E-3 2.904E-3 2.87185E-3 2.96942E-3 3.17001E-3 3.21702E-3 3.55856E-3 3.67084E-3 3.68812E-3 3.86586E-3 4.04422E-3 4.21587E-3 5.44196E-3 4.30534E-3 3.38827E-3 2.67449E-3 1.79932E-3 2.01158E-3 2.5611E-3 3.32517E-3 4.24194E-3 4.92E-3
9.15583E-4 9.15375E-4 7.91471E-4 1.2658E-3 9.83331E-4 7.59002E-4 6.03227E-4 5.3887E-4 4.06616E-4 5.44607E-4 7.33861E-4 9.81876E-4 1.31782E-3 1.55204E-3 1.64604E-3 4.20535E-3 4.30687E-3 5.53611E-3 7.41738E-3 7.28767E-3 7.28897E-3 7.36723E-3 7.3374E-3 7.35892E-3 7.43051E-3 7.34088E-3 6.71362E-3 5.17167E-3 4.76563E-3 5.03599E-3 5.25789E-3 5.4516E-3 5.26654E-3 5.33599E-3 4.49285E-3 4.66981E-3 3.94752E-3 4.44779E-3 4.34033E-3 3.77673E-3 2.8866E-3 2.85559E-3 2.90255E-3 2.9178E-3 2.95285E-3 3.16058E-3 3.25122E-3 3.34052E-3 3.78046E-3 3.93226E-3 4.08805E-3 5.24167E-3 4.11605E-3 3.24273E-3 2.5398E-3 1.78107E-3 1.90302E-3 2.11135E-3 2.72653E-3 3.6263E-3 5.09211E-3
9.36001E-4 9.42345E-4 8.12743E-4 1.26196E-3 9.50265E-4 7.1664E-4 5.40774E-4 4.08258E-4 4.10382E-4 5.51392E-4 9.02962E-4 1.30212E-3 1.35479E-3 1.38343E-3 1.55908E-3 4.1691E-3 4.32473E-3 5.13487E-3 7.24112E-3 7.16499E-3 7.21987E-3 7.27868E-3 7.0366E-3 7.18335E-3 7.07963E-3 7.25974E-3 7.23415E-3 5.13223E-3 5.01966E-3 5.15493E-3 5.41504E-3 5.68914E-3 5.82829E-3 5.16922E-3 5.3101E-3 4.43407E-3 4.86873E-3 5.96661E-3 5.45097E-3 3.97936E-3 3.1472E-3 3.03586E-3 2.9567E-3 2.95949E-3 2.934E-3 3.09458E-3 3.16815E-3 3.26323E-3 3.38654E-3 3.5147E-3 3.64587E-3 5.06282E-3 3.93186E-3 3.1122E-3 2.36577E-3 1.76863E-3 1.7436E-3 2.32715E-3 2.73154E-3 3.41001E-3 4.60346E-3
4.66283E-3 4.65938E-3 4.40086E-3 3.20624E-3 2.38861E-3 1.80128E-3 1.35834E-3 1.02426E-3 1.37135E-3 1.55576E-3 1.98968E-3 3.25581E-3 4.12028E-3 3.92801E-3 3.99789E-3 1.40678E-3 1.47066E-3 1.82978E-3 2.27593E-3 2.25386E-3 2.26962E-3 2.30163E-3 2.20212E-3 1.87952E-3 2.1384E-3 2.0474E-3 2.27862E-3 4.11187E-3 4.18024E-3 4.22577E-3 4.53317E-3 4.76384E-3 4.77023E-3 4.72163E-3 4.51256E-3 4.19794E-3 4.63933E-3 4.23459E-3 3.85456E-3 3.87187E-3 2.93562E-3 2.84753E-3 2.72785E-3 2.49546E-3 2.54017E-3 2.6434E-3 2.87289E-3 3.0115E-3 3.1014E-3 3.20971E-3 3.3092E-3 1.43575E-3 1.15291E-3 9.25595E-4 7.29496E-4 7.04053E-4 5.28653E-4 7.07284E-4 8.32115E-4 9.99885E-4 1.339E-3
4.54521E-3 4.56715E-3 3.9965E-3 2.90301E-3 2.31045E-3 1.8275E-3 1.37775E-3 1.03812E-3 1.38887E-3 1.86396E-3 2.38555E-3 3.62716E-3 3.97661E-3 4.03735E-3 4.14587E-3 1.52088E-3 1.80032E-3 1.55145E-3 1.85802E-3 2.13678E-3 2.25489E-3 1.87026E-3 2.14179E-3 2.10816E-3 1.46339E-3 2.03468E-3 2.1561E-3 4.06369E-3 4.162E-3 4.26918E-3 4.31454E-3 4.54487E-3 4.94088E-3 4.78886E-3 4.48251E-3 4.5146E-3 4.515E-3 4.28994E-3 3.66141E-3 3.26088E-3 3.00739E-3 2.89934E-3 2.71722E-3 2.48388E-3 2.53095E-3 2.61925E-3 2.76745E-3 2.95547E-3 3.03652E-3 3.1253E-3 3.2131E-3 1.39445E-3 1.282E-3 1.0543E-3 8.31082E-4 6.21489E-4 4.658E-4 6.13132E-4 6.63592E-4 8.24147E-4 1.09578E-3
4.10812E-3 3.9693E-3 3.90895E-3 2.56565E-3 1.97503E-3 1.56824E-3 1.3982E-3 1.05327E-3 1.40874E-3 1.88886E-3 2.53772E-3 3.40637E-3 4.16967E-3 4.16817E-3 4.12811E-3 1.42756E-3 1.42796E-3 1.40991E-3 1.4167E-3 1.44863E-3 1.56849E-3 1.45737E-3 1.56072E-3 1.50187E-3 1.46175E-3 1.61852E-3 1.65312E-3 3.43039E-3 4.04023E-3 4.11799E-3 4.21239E-3 4.35341E-3 4.51851E-3 4.80763E-3 4.67733E-3 4.35855E-3 4.03669E-3 3.4924E-3 3.5854E-3 3.35828E-3 3.00139E-3 2.87316E-3 2.76371E-3 2.68494E-3 2.49297E-3 2.55433E-3 2.66855E-3 2.84074E-3 2.9734E-3 3.05248E-3 3.13006E-3 1.35861E-3 1.38885E-3 1.0767E-3 8.06305E-4 5.78575E-4 4.61944E-4 4.59551E-4 5.86587E-4 7.53301E-4 9.94286E-4
4.17298E-3 4.03793E-3 3.87631E-3 2.48772E-3 1.8754E-3 1.41378E-3 1.06572E-3 1.06971E-3 1.42916E-3 1.91603E-3 2.57259E-3 3.4571E-3 4.18076E-3 3.60767E-3 3.56427E-3 1.22382E-3 1.24364E-3 1.24506E-3 1.24428E-3 1.25995E-3 1.28225E-3 1.2847E-3 1.28111E-3 1.4528E-3 1.51823E-3 1.53166E-3 1.74985E-3 3.59862E-3 3.87401E-3 4.03756E-3 4.08874E-3 4.01791E-3 4.09516E-3 4.2129E-3 4.27054E-3 3.92739E-3 3.50353E-3 3.11801E-3 3.06532E-3 3.0764E-3 2.85749E-3 2.79612E-3 2.72942E-3 2.69945E-3 2.47567E-3 2.51926E-3 2.60114E-3 2.70238E-3 2.8521E-3 2.99055E-3 3.06776E-3 1.33216E-3 1.37762E-3 1.10046E-3 8.4696E-4 6.71413E-4 5.95824E-4 4.49994E-4 5.599E-4 6.50818E-4 8.22143E-4
4.10858E-3 3.9872E-3 3.50704E-3 2.40873E-3 1.90678E-3 1.43696E-3 1.08283E-3 1.44754E-3 1.63504E-3 2.08339E-3 2.73598E-3 3.56223E-3 3.58056E-3 3.60064E-3 3.60799E-3 1.21648E-3 1.22056E-3 1.22442E-3 1.23024E-3 1.24152E-3 1.26555E-3 1.30567E-3 1.46063E-3 1.57585E-3 1.68158E-3 1.69245E-3 1.82661E-3 3.67654E-3 3.75411E-3 3.86483E-3 3.89161E-3 3.87776E-3 3.79149E-3 3.65099E-3 3.83952E-3 3.62529E-3 3.15842E-3 2.95093E-3 2.88996E-3 2.93275E-3 2.8413E-3 2.77291E-3 2.74034E-3 2.70946E-3 2.47413E-3 2.49494E-3 2.53484E-3 2.60589E-3 2.70439E-3 2.87503E-3 3.02371E-3 1.30639E-3 1.34316E-3 1.21478E-3 9.78092E-4 7.63957E-4 5.64534E-4 4.31772E-4 4.40104E-4 6.07707E-4 6.32764E-4
4.09701E-3 4.06532E-3 3.1512E-3 2.07372E-3 1.64256E-3 1.4626E-3 1.10137E-3 1.47137E-3 1.96604E-3 2.50899E-3 3.15359E-3 3.61401E-3 3.63083E-3 3.64359E-3 3.65194E-3 1.23023E-3 1.23641E-3 1.24399E-3 1.27397E-3 1.30472E-3 1.32113E-3 1.35193E-3 1.66397E-3 1.68881E-3 1.64339E-3 1.67014E-3 1.74855E-3 3.32504E-3 3.51075E-3 3.39023E-3 3.65993E-3 3.78467E-3 3.74454E-3 3.74582E-3 3.01535E-3 3.0025E-3 2.98003E-3 2.88888E-3 2.859E-3 2.91316E-3 2.87711E-3 2.82561E-3 2.77779E-3 2.72507E-3 2.48975E-3 2.4983E-3 2.50374E-3 2.54851E-3 2.61196E-3 2.74846E-3 2.98085E-3 1.28184E-3 1.315E-3 1.34765E-3 1.05796E-3 8.18817E-4 6.35214E-4 5.55422E-4 4.32977E-4 4.51747E-4 4.69795E-4
4.38811E-3 3.79335E-3 2.92617E-3 1.97778E-3 1.48742E-3 1.1192E-3 1.12163E-3 1.49797E-3 2.00032E-3 2.67946E-3 3.58901E-3 3.66827E-3 3.68016E-3 3.69144E-3 3.70208E-3 1.25032E-3 1.25676E-3 1.26994E-3 1.31904E-3 1.36172E-3 1.59688E-3 1.58439E-3 1.67086E-3 1.57718E-3 1.53884E-3 1.57256E-3 1.59617E-3 2.96146E-3 3.09417E-3 3.003E-3 3.12792E-3 3.41998E-3 3.45635E-3 3.66849E-3 2.98922E-3 2.95839E-3 2.90735E-3 2.91576E-3 2.93118E-3 2.99114E-3 2.93677E-3 2.84813E-3 2.7929E-3 2.75385E-3 2.77093E-3 2.78611E-3 2.75678E-3 2.5179E-3 2.57649E-3 2.68769E-3 2.8884E-3 1.26534E-3 1.29252E-3 1.31845E-3 1.17428E-3 9.55133E-4 8.18239E-4 6.5415E-4 5.91172E-4 5.59336E-4 5.84005E-4
4.27023E-3 3.32925E-3 2.5191E-3 1.70542E-3 1.51733E-3 1.14135E-3 1.52333E-3 1.71874E-3 2.18113E-3 2.85806E-3 3.71312E-3 3.724E-3 3.7358E-3 3.75026E-3 3.76803E-3 1.27216E-3 1.27754E-3 1.304E-3 1.37289E-3 1.64907E-3 1.41337E-3 1.66829E-3 1.40558E-3 1.36516E-3 1.36964E-3 1.37709E-3 1.4E-3 2.83036E-3 2.91519E-3 2.99987E-3 3.30601E-3 3.68192E-3 3.54101E-3 3.2718E-3 2.95731E-3 2.92783E-3 2.9216E-3 2.95419E-3 2.98472E-3 3.00676E-3 2.90788E-3 2.84428E-3 2.80902E-3 2.85264E-3 2.87425E-3 2.8727E-3 2.80462E-3 2.52897E-3 2.56008E-3 2.63371E-3 2.72283E-3 1.22951E-3 1.27482E-3 1.29562E-3 1.31468E-3 1.17592E-3 9.55762E-4 8.02592E-4 7.49757E-4 7.30407E-4 6.31084E-4
3.78904E-3 3.0392E-3 2.40198E-3 1.54583E-3 1.16229E-3 1.16437E-3 1.55362E-3 2.07244E-3 2.63437E-3 3.30535E-3 3.7788E-3 3.78823E-3 3.80268E-3 3.82055E-3 3.84089E-3 1.29385E-3 1.38478E-3 1.35172E-3 1.38314E-3 1.40552E-3 1.34155E-3 1.33843E-3 1.34702E-3 1.33328E-3 1.38637E-3 1.61862E-3 1.61708E-3 2.89107E-3 2.92011E-3 3.04128E-3 3.10104E-3 3.76048E-3 3.138E-3 3.12365E-3 3.06155E-3 2.99738E-3 2.91545E-3 2.91942E-3 2.91146E-3 2.93909E-3 2.897E-3 2.91219E-3 2.96319E-3 3.01054E-3 3.03062E-3 3.02699E-3 2.94606E-3 2.85565E-3 2.53549E-3 2.5643E-3 2.61255E-3 1.13434E-3 1.16928E-3 1.19281E-3 1.22796E-3 1.26014E-3 1.18734E-3 1.0557E-3 9.30117E-4 8.77046E-4 8.27126E-4
3.09877E-3 2.61812E-3 2.07262E-3 1.57812E-3 1.18656E-3 1.58308E-3 1.78511E-3 2.26123E-3 2.95628E-3 3.83792E-3 3.84832E-3 3.85626E-3 3.87017E-3 3.88618E-3 3.90114E-3 1.31724E-3 1.37595E-3 1.38672E-3 1.234E-3 1.08277E-3 1.00395E-3 9.91588E-4 1.00691E-3 1.03158E-3 1.19947E-3 1.25087E-3 1.23921E-3 2.30085E-3 2.35212E-3 2.31294E-3 2.38514E-3 2.71237E-3 3.0678E-3 3.03959E-3 3.11125E-3 2.91215E-3 2.88735E-3 2.90187E-3 2.8391E-3 2.91926E-3 2.94885E-3 3.02677E-3 3.14198E-3 3.17759E-3 3.20141E-3 3.2101E-3 3.17098E-3 3.08831E-3 2.91012E-3 2.5618E-3 2.56537E-3 1.08574E-3 1.11314E-3 1.12756E-3 1.14791E-3 1.17076E-3 1.20813E-3 1.23275E-3 1.19978E-3 1.14465E-3 1.03178E-3
2.6719E-3 2.11209E-3 1.87925E-3 1.20985E-3 1.21166E-3 1.61639E-3 2.15512E-3 2.73524E-3 3.42565E-3 3.91295E-3 3.92158E-3 3.92797E-3 3.93989E-3 3.95977E-3 3.97847E-3 1.35717E-3 1.39252E-3 1.24236E-3 9.83619E-4 7.96858E-4 7.4652E-4 7.59569E-4 7.723E-4 7.97333E-4 9.03955E-4 9.68717E-4 9.49975E-4 1.73234E-3 1.73206E-3 1.65284E-3 1.80096E-3 2.36206E-3 2.69326E-3 3.03661E-3 3.14398E-3 2.99475E-3 2.89438E-3 2.87222E-3 2.84821E-3 2.96923E-3 3.00522E-3 3.08352E-3 3.33027E-3 3.36715E-3 3.41268E-3 3.43511E-3 3.39264E-3 3.31272E-3 3.10041E-3 3.00534E-3 2.9484E-3 1.09142E-3 1.09298E-3 1.19775E-3 1.10622E-3 1.20886E-3 1.13018E-3 1.15617E-3 1.17782E-3 1.27387E-3 1.28725E-3
2.55773E-3 1.92129E-3 1.44354E-3 1.23684E-3 1.64992E-3 1.85928E-3 2.35493E-3 3.07454E-3 3.98433E-3 3.9901E-3 3.99665E-3 4.00322E-3 4.01431E-3 4.03647E-3 4.05716E-3 1.40719E-3 1.4511E-3 1.10969E-3 8.10118E-4 6.38675E-4 5.70364E-4 5.82313E-4 5.92529E-4 5.94515E-4 6.21933E-4 7.15199E-4 7.0734E-4 1.28535E-3 1.24906E-3 1.1122E-3 1.40045E-3 1.78248E-3 2.30473E-3 3.00155E-3 2.99317E-3 2.89619E-3 2.64624E-3 2.63396E-3 2.64465E-3 2.99897E-3 3.02811E-3 3.09333E-3 3.39556E-3 3.64264E-3 3.58938E-3 3.7062E-3 3.75646E-3 3.4752E-3 3.31314E-3 3.30338E-3 3.28324E-3 1.3125E-3 1.20352E-3 1.20474E-3 1.21409E-3 1.22638E-3 1.2296E-3 1.23015E-3 1.23763E-3 1.24788E-3 1.26047E-3
2.21485E-3 1.96726E-3 1.47739E-3 1.96933E-3 2.21942E-3 2.8107E-3 3.33309E-3 4.16825E-3 4.75456E-3 4.75947E-3 4.76725E-3 4.77575E-3 4.77812E-3 4.79568E-3 4.82741E-3 2.67331E-3 2.37932E-3 1.88323E-3 1.43524E-3 1.07531E-3 8.1509E-4 8.34921E-4 8.67038E-4 8.71783E-4 9.80479E-4 9.62771E-4 8.69213E-4 2.72338E-4 2.70115E-4 2.70191E-4 3.60407E-4 4.81923E-4 7.02042E-4 9.40099E-4 9.52021E-4 8.55464E-4 8.5191E-4 8.54739E-4 8.59289E-4 3.08848E-3 3.12995E-3 3.28166E-3 3.61471E-3 3.97776E-3 3.79979E-3 4.07326E-3 3.82201E-3 3.67673E-3 3.59806E-3 3.62742E-3 3.6217E-3 2.66472E-3 2.56519E-3 2.31554E-3 2.4178E-3 2.3918E-3 2.35064E-3 2.36786E-3 2.31027E-3 2.30248E-3 2.31135E-3
2.01622E-3 1.51353E-3 1.51338E-3 2.01617E-3 2.68581E-3 3.40665E-3 4.25808E-3 4.85523E-3 4.859E-3 4.86843E-3 4.876E-3 4.88294E-3 4.88289E-3 4.8817E-3 4.90719E-3 2.66459E-3 2.07083E-3 1.58102E-3 1.23327E-3 1.09404E-3 8.21917E-4 1.15273E-3 1.31174E-3 1.15799E-3 1.15268E-3 1.15432E-3 1.14634E-3 3.61265E-4 3.59122E-4 3.59402E-4 4.04672E-4 5.12208E-4 6.63759E-4 8.55253E-4 8.52883E-4 8.5076E-4 8.48957E-4 8.52027E-4 8.53995E-4 2.82348E-3 3.151E-3 3.31849E-3 3.61635E-3 4.01376E-3 4.1083E-3 4.05342E-3 3.75815E-3 3.75679E-3 3.80733E-3 3.90564E-3 4.03392E-3 2.91483E-3 2.85446E-3 2.867E-3 2.71247E-3 2.75066E-3 2.54809E-3 2.64207E-3 2.53637E-3 2.40882E-3 2.32814E-3
1.55222E-3 1.55213E-3 2.0664E-3 2.32572E-3 2.94172E-3 3.83574E-3 4.96505E-3 4.96823E-3 4.97008E-3 4.98223E-3 4.99225E-3 4.99642E-3 4.99405E-3 4.98876E-3 4.98983E-3 2.63938E-3 1.98297E-3 1.48514E-3 1.11273E-3 8.38593E-4 8.51583E-4 1.14864E-3 1.53983E-3 1.53354E-3 1.52838E-3 1.52535E-3 1.51971E-3 4.79489E-4 4.78595E-4 4.77014E-4 5.08097E-4 5.99149E-4 7.45896E-4 8.49981E-4 8.48763E-4 8.47597E-4 8.46954E-4 8.4131E-4 8.43724E-4 2.78095E-3 3.08423E-3 3.25894E-3 3.47146E-3 3.55826E-3 3.5685E-3 3.76947E-3 3.64245E-3 3.70666E-3 3.77085E-3 3.85828E-3 3.97904E-3 3.16393E-3 3.2804E-3 2.81336E-3 2.76868E-3 2.93607E-3 2.80634E-3 2.84318E-3 2.7883E-3 2.45387E-3 2.37098E-3
1.59239E-3 2.11963E-3 2.38466E-3 3.01474E-3 3.56804E-3 4.45903E-3 5.08737E-3 5.0866E-3 5.08659E-3 5.09479E-3 5.11317E-3 5.13625E-3 5.11467E-3 5.10862E-3 5.08445E-3 2.39398E-3 1.91603E-3 1.51132E-3 1.13594E-3 8.57639E-4 1.15703E-3 1.31204E-3 1.65544E-3 2.05288E-3 2.04545E-3 2.03752E-3 2.02892E-3 6.40182E-4 6.36243E-4 6.33673E-4 6.61953E-4 7.41298E-4 8.41976E-4 8.4961E-4 8.46898E-4 8.44905E-4 8.4164E-4 8.32574E-4 8.30958E-4 2.75955E-3 2.78193E-3 2.8454E-3 3.2364E-3 3.33649E-3 3.42094E-3 3.50155E-3 3.56926E-3 3.65473E-3 3.72263E-3 3.84007E-3 4.40642E-3 3.32113E-3 3.07474E-3 2.77802E-3 2.8004E-3 2.87395E-3 2.97955E-3 2.97439E-3 2.83818E-3 2.61278E-3 2.42708E-3
2.17579E-3 2.44717E-3 3.09322E-3 3.65874E-3 4.56426E-3 5.19738E-3 5.20184E-3 5.20061E-3 5.20482E-3 5.21161E-3 5.31179E-3 5.34995E-3 5.3179E-3 5.25287E-3 5.21089E-3 2.15128E-3 1.65032E-3 1.30427E-3 1.15885E-3 8.83206E-4 1.17379E-3 1.56384E-3 1.98487E-3 2.46814E-3 2.74648E-3 2.72822E-3 2.71049E-3 8.54211E-4 8.49729E-4 8.46284E-4 8.58737E-4 8.53027E-4 8.41802E-4 8.49145E-4 8.44188E-4 8.38307E-4 8.28116E-4 8.14302E-4 9.97538E-4 2.78102E-3 3.10417E-3 3.10895E-3 3.1702E-3 3.21249E-3 3.31809E-3 3.42158E-3 3.51764E-3 3.60996E-3 3.65973E-3 3.75679E-3 3.90232E-3 2.94079E-3 2.82275E-3 2.73471E-3 2.84109E-3 2.9059E-3 2.9744E-3 3.06376E-3 2.93977E-3 2.75566E-3 2.5078E-3
2.23191E-3 2.9683E-3 3.75516E-3 4.67765E-3 5.32137E-3 5.31829E-3 5.31645E-3 5.32142E-3 5.32612E-3 5.3584E-3 5.41684E-3 5.42276E-3 5.39871E-3 5.32487E-3 4.66267E-3 1.99546E-3 1.57438E-3 1.18655E-3 9.02564E-4 9.03535E-4 1.20157E-3 1.59379E-3 2.11174E-3 2.79703E-3 2.82776E-3 2.80266E-3 2.77799E-3 8.64042E-4 8.44706E-4 8.41033E-4 8.64707E-4 8.57127E-4 8.52772E-4 8.42936E-4 8.32754E-4 8.27744E-4 8.13238E-4 7.98534E-4 8.15966E-4 2.77144E-3 3.09892E-3 3.2041E-3 3.36614E-3 3.24492E-3 3.29031E-3 3.37157E-3 3.49783E-3 3.75207E-3 3.64167E-3 3.62594E-3 3.64019E-3 2.73557E-3 2.67078E-3 2.70002E-3 2.86866E-3 3.12255E-3 3.12245E-3 3.05675E-3 2.94672E-3 2.85845E-3 2.83055E-3
2.57816E-3 3.25638E-3 4.22972E-3 5.44606E-3 5.44319E-3 5.44479E-3 5.44533E-3 5.45751E-3 5.47786E-3 5.4947E-3 5.50186E-3 5.5083E-3 5.50591E-3 5.48153E-3 4.19349E-3 1.7196E-3 1.35706E-3 1.20518E-3 9.19464E-4 1.22467E-3 1.37554E-3 1.73253E-3 2.24692E-3 2.88578E-3 2.83307E-3 2.79561E-3 2.77446E-3 8.63294E-4 8.43442E-4 8.51966E-4 8.68122E-4 8.61236E-4 8.54156E-4 8.46077E-4 8.34847E-4 8.17614E-4 7.98008E-4 7.8411E-4 8.26702E-4 2.80026E-3 3.12406E-3 3.19456E-3 3.23834E-3 3.2825E-3 3.37369E-3 3.37934E-3 3.45139E-3 3.53149E-3 3.55313E-3 3.57163E-3 3.6138E-3 2.60491E-3 2.60964E-3 2.67049E-3 2.8946E-3 3.40515E-3 3.26097E-3 3.03318E-3 2.98296E-3 3.00606E-3 3.08805E-3
3.34693E-3 3.95448E-3 4.91953E-3 5.57729E-3 5.56379E-3 5.56637E-3 5.57113E-3 5.57234E-3 5.55742E-3 5.52174E-3 5.48072E-3 5.49486E-3 5.58802E-3 4.92513E-3 3.89387E-3 1.6399E-3 1.22856E-3 9.20951E-4 9.22584E-4 1.23762E-3 1.64495E-3 2.08433E-3 2.58849E-3 2.92137E-3 2.85396E-3 2.69412E-3 2.74427E-3 8.84912E-4 8.81746E-4 8.7758E-4 8.71163E-4 8.58003E-4 8.45303E-4 8.36965E-4 8.18578E-4 8.06495E-4 7.90435E-4 7.74678E-4 9.53192E-4 2.82096E-3 3.1573E-3 3.17434E-3 3.25045E-3 3.26825E-3 3.38594E-3 3.36357E-3 3.40052E-3 3.46361E-3 3.53812E-3 3.91362E-3 3.6808E-3 2.5566E-3 2.54279E-3 2.62575E-3 2.76011E-3 2.93695E-3 2.87895E-3 2.84985E-3 2.85013E-3 2.87204E-3 2.97838E-3
4.0677E-3 5.05478E-3 5.7279E-3 5.69962E-3 5.6751E-3 5.65292E-3 5.62349E-3 5.59949E-3 5.4685E-3 5.22598E-3 5.3152E-3 5.41881E-3 4.89714E-3 4.00672E-3 3.36483E-3 1.41419E-3 1.25261E-3 9.38372E-4 1.26319E-3 1.43141E-3 1.80037E-3 2.32862E-3 2.98098E-3 2.93637E-3 2.84574E-3 2.67019E-3 2.75967E-3 8.87633E-4 8.89092E-4 8.82588E-4 8.69672E-4 8.5444E-4 8.48824E-4 8.16797E-4 7.91704E-4 7.84253E-4 7.77808E-4 8.26628E-4 8.37025E-4 3.10606E-3 3.65092E-3 3.27585E-3 3.18695E-3 3.40381E-3 3.29029E-3 3.38636E-3 3.38824E-3 3.42894E-3 3.73042E-3 3.56404E-3 3.3259E-3 2.45977E-3 2.50137E-3 2.55618E-3 2.64246E-3 2.68068E-3 2.70987E-3 2.7272E-3 2.73193E-3 2.72415E-3 2.99062E-3
4.57669E-3 5.89122E-3 5.85566E-3 5.81852E-3 5.58218E-3 5.56306E-3 5.6275E-3 5.61409E-3 5.38584E-3 5.1325E-3 5.13823E-3 4.66062E-3 3.94542E-3 3.42803E-3 2.7197E-3 1.28014E-3 9.58271E-4 9.67809E-4 1.28378E-3 1.67917E-3 2.12054E-3 2.65462E-3 2.96429E-3 2.89496E-3 2.88028E-3 2.88273E-3 2.8553E-3 8.97033E-4 8.92442E-4 8.81269E-4 8.70836E-4 8.58929E-4 8.46529E-4 8.06963E-4 8.00498E-4 9.57162E-4 9.37885E-4 1.00343E-3 8.49048E-4 2.80771E-3 3.16665E-3 2.86237E-3 2.85096E-3 3.21983E-3 3.56524E-3 3.28252E-3 3.34558E-3 3.7256E-3 3.86083E-3 3.39085E-3 2.97191E-3 2.23107E-3 2.25984E-3 2.29061E-3 2.50794E-3 2.54855E-3 2.58699E-3 2.61657E-3 2.64371E-3 2.68734E-3 2.762E-3
5.31201E-3 6.01421E-3 5.9798E-3 5.95026E-3 5.85759E-3 5.82184E-3 5.57059E-3 5.65772E-3 5.57006E-3 5.17527E-3 4.54984E-3 3.8349E-3 3.38317E-3 2.74419E-3 2.44124E-3 9.87885E-4 9.8996E-4 1.32066E-3 1.4877E-3 1.86438E-3 2.38503E-3 2.98733E-3 2.91806E-3 2.81907E-3 2.83629E-3 2.87389E-3 2.80783E-3 8.6684E-4 8.79031E-4 8.67189E-4 8.48902E-4 8.51535E-4 8.14782E-4 7.96954E-4 8.0778E-4 9.6588E-4 9.67126E-4 9.73647E-4 9.41758E-4 2.82115E-3 2.82911E-3 2.85026E-3 2.87724E-3 2.77887E-3 2.90841E-3 3.40959E-3 3.47524E-3 3.74255E-3 3.90999E-3 3.34837E-3 2.94468E-3 2.22097E-3 2.24487E-3 2.27106E-3 2.29702E-3 2.51081E-3 2.54755E-3 2.57501E-3 2.5936E-3 2.67336E-3 2.76833E-3
