RStudio/Xiphophorus/MaxEnt Models/Xiphophorus pygmaeus/Xiphophorus_pygmaeus.asc
ncols         432
nrows         590
xllcorner     -101.36634685401
yllcorner     19.040437502918
cellsize      0.008333332798
NODATA_value  -9999
[rows 135 to 161 of 590, columns 183 to 243 of 432]
-9999 -9999 -9999 -9999 -9999 -9999 -9999 -9999 -9999 -9999 -9999 -9999 -9999 -9999 -9999 -9999 -9999 -9999 -9999 -9999 -9999 -9999 -9999 -9999 -9999 1.77999E-7 2.33045E-7 4.53624E-7 8.81734E-7 5.12811E-7 8.4948E-7 4.0011E-7 2.8261E-7 5.25047E-7 5.01953E-7 7.63557E-7 1.89087E-6 7.34284E-7 1.07092E-6 5.92581E-5 2.85977E-3 1.48368E-2 2.96551E-2 3.24791E-2 3.54822E-2 3.81955E-2 4.02626E-2 4.04016E-2 4.07811E-2 1.54614E-2 2.12875E-2 4.30404E-2 5.4818E-2 7.12994E-2 7.23689E-2 7.40953E-2 7.32223E-2 7.57342E-2 8.02103E-2 8.48197E-2 8.77501E-2
-9999 -9999 -9999 -9999 -9999 -9999 -9999 -9999 -9999 -9999 -9999 -9999 -9999 -9999 -9999 -9999 -9999 -9999 -9999 -9999 -9999 -9999 -9999 -9999 -9999 1.77886E-7 2.15686E-7 3.33444E-7 8.68851E-7 7.22882E-7 9.57424E-7 4.18691E-7 1.67742E-7 3.36567E-7 3.44365E-7 3.4915E-7 1.8551E-6 8.545E-7 7.07918E-7 1.1705E-5 2.31792E-3 2.65471E-2 3.11671E-2 3.49857E-2 3.81051E-2 4.0592E-2 4.25119E-2 4.36504E-2 4.58513E-2 3.95373E-2 2.26347E-2 2.6627E-2 5.52142E-2 7.75899E-2 7.73989E-2 7.73412E-2 7.79069E-2 7.74779E-2 7.94607E-2 8.14781E-2 8.5532E-2
-9999 -9999 -9999 -9999 -9999 -9999 -9999 -9999 -9999 -9999 -9999 -9999 -9999 -9999 -9999 -9999 -9999 -9999 -9999 -9999 -9999 -9999 -9999 -9999 -9999 -9999 2.12321E-7 2.64905E-7 6.08474E-7 8.04973E-7 1.11559E-6 4.80851E-7 3.22591E-7 2.46951E-7 4.46038E-7 3.60324E-7 6.82801E-7 9.00417E-7 7.82701E-7 3.25789E-6 2.29387E-4 1.56909E-2 3.17838E-2 3.65394E-2 3.95014E-2 4.11481E-2 4.33262E-2 4.65733E-2 4.86848E-2 4.86999E-2 3.63532E-2 1.89519E-2 4.48746E-2 8.28158E-2 8.53207E-2 8.20257E-2 7.95826E-2 8.03217E-2 8.26702E-2 8.50984E-2 8.55411E-2
-9999 -9999 -9999 -9999 -9999 -9999 -9999 -9999 -9999 -9999 -9999 -9999 -9999 -9999 -9999 -9999 -9999 -9999 -9999 -9999 -9999 -9999 -9999 -9999 -9999 -9999 2.06366E-7 2.94478E-7 6.00655E-7 9.28562E-7 1.20807E-6 1.43292E-6 3.91897E-7 1.85814E-7 4.72215E-7 4.07377E-7 5.41238E-7 2.81952E-6 2.6945E-6 3.72155E-6 6.00027E-5 1.51224E-3 2.70357E-2 3.76288E-2 4.06229E-2 4.16188E-2 4.36442E-2 4.74889E-2 5.02096E-2 5.32347E-2 5.39837E-2 4.36756E-2 3.40316E-2 8.08705E-2 9.07198E-2 8.9225E-2 8.54497E-2 8.28045E-2 8.55023E-2 8.53848E-2 8.43164E-2
-9999 -9999 -9999 -9999 -9999 -9999 -9999 -9999 -9999 -9999 -9999 -9999 -9999 -9999 -9999 -9999 -9999 -9999 -9999 -9999 -9999 -9999 -9999 -9999 -9999 -9999 -9999 2.40477E-7 4.88458E-7 7.93001E-7 1.03128E-6 5.79445E-7 1.66654E-7 1.18398E-7 2.6723E-7 3.24894E-7 6.07745E-7 6.0736E-6 6.81419E-6 2.90236E-6 1.29916E-5 1.25279E-4 2.21026E-2 4.24743E-2 4.58186E-2 4.68571E-2 4.76903E-2 5.30524E-2 5.79809E-2 6.20239E-2 6.48712E-2 6.74801E-2 6.99121E-2 7.57396E-2 8.46067E-2 8.68459E-2 8.53586E-2 8.44479E-2 8.41293E-2 8.33312E-2 8.31354E-2
-9999 -9999 -9999 -9999 -9999 -9999 -9999 -9999 -9999 -9999 -9999 -9999 -9999 -9999 -9999 -9999 -9999 -9999 -9999 -9999 -9999 -9999 -9999 -9999 -9999 -9999 2.76802E-7 2.20797E-7 3.23931E-7 8.23996E-7 1.07378E-6 1.09931E-6 2.35462E-7 1.25355E-7 2.35636E-7 3.50319E-7 7.36856E-7 6.71289E-6 5.62488E-6 2.43833E-6 3.60723E-6 3.0816E-5 4.89471E-3 4.06834E-2 4.74996E-2 5.00816E-2 5.01109E-2 4.85584E-2 5.67408E-2 6.4783E-2 6.92396E-2 7.1464E-2 7.44125E-2 7.99593E-2 8.85205E-2 9.17554E-2 9.0695E-2 8.86597E-2 8.7228E-2 8.6409E-2 8.66409E-2
-9999 -9999 -9999 -9999 -9999 -9999 -9999 -9999 -9999 -9999 -9999 -9999 -9999 -9999 -9999 -9999 -9999 -9999 -9999 -9999 -9999 -9999 -9999 -9999 -9999 2.01455E-7 2.08887E-7 1.98886E-7 2.723E-7 7.55761E-7 1.07355E-6 7.01632E-7 2.33115E-7 1.57507E-7 2.84748E-7 3.36458E-7 8.30861E-7 7.31207E-6 4.01027E-6 1.58628E-6 1.62463E-6 1.81607E-5 6.38719E-4 4.15446E-2 4.92462E-2 5.28696E-2 5.4081E-2 4.36667E-2 5.6603E-2 6.74096E-2 7.17435E-2 7.52837E-2 7.77239E-2 8.58945E-2 9.05252E-2 9.50557E-2 9.44238E-2 9.33286E-2 8.79525E-2 8.5375E-2 8.92769E-2
-9999 -9999 -9999 -9999 -9999 -9999 -9999 -9999 -9999 -9999 -9999 -9999 -9999 -9999 -9999 -9999 -9999 -9999 -9999 -9999 -9999 -9999 -9999 -9999 -9999 1.8617E-7 1.82443E-7 2.07954E-7 3.05085E-7 5.91707E-7 3.44999E-7 1.79513E-7 2.60787E-7 1.57759E-7 1.76647E-7 4.56176E-7 9.5475E-7 7.25129E-6 5.07995E-6 1.9938E-6 8.80997E-7 5.46369E-6 5.5218E-5 3.77703E-2 5.14464E-2 5.55362E-2 5.89493E-2 6.00284E-2 6.4064E-2 7.07283E-2 7.46967E-2 7.91328E-2 8.07434E-2 8.86819E-2 9.47278E-2 9.7852E-2 9.88195E-2 9.52109E-2 9.06541E-2 8.8487E-2 9.23703E-2
-9999 -9999 -9999 -9999 -9999 -9999 -9999 -9999 -9999 -9999 -9999 -9999 -9999 -9999 -9999 -9999 -9999 -9999 -9999 -9999 -9999 -9999 -9999 -9999 -9999 1.53605E-7 1.79487E-7 2.35562E-7 3.76489E-7 3.36104E-7 3.28274E-7 1.98451E-7 5.55094E-7 5.33682E-7 1.68873E-7 4.05983E-7 1.69946E-6 3.55135E-6 2.94766E-6 1.95972E-6 4.8209E-7 3.23658E-6 1.90141E-5 2.26863E-2 5.08309E-2 5.79758E-2 6.18793E-2 6.58992E-2 7.0483E-2 7.36614E-2 7.77243E-2 8.17525E-2 8.39976E-2 9.23151E-2 9.66426E-2 1.0066E-1 1.02921E-1 1.01227E-1 1.00751E-1 9.32257E-2 9.39379E-2
-9999 -9999 -9999 -9999 -9999 -9999 -9999 -9999 -9999 -9999 -9999 -9999 -9999 -9999 -9999 -9999 -9999 -9999 -9999 -9999 -9999 -9999 -9999 -9999 1.38619E-7 1.55791E-7 1.96173E-7 3.70556E-7 1.01928E-6 6.36757E-7 1.8693E-7 1.28687E-7 3.61113E-7 3.78959E-7 1.42478E-7 2.12774E-7 9.5851E-7 4.64343E-6 1.06522E-5 2.10463E-6 1.05378E-6 1.33482E-6 2.50894E-5 2.46352E-3 4.65022E-2 5.50047E-2 6.33885E-2 6.98043E-2 7.34096E-2 7.72227E-2 8.07281E-2 8.30927E-2 8.60542E-2 9.42283E-2 9.77967E-2 1.03096E-1 1.07383E-1 1.07142E-1 1.08494E-1 9.95871E-2 9.71309E-2
-9999 -9999 -9999 -9999 -9999 -9999 -9999 -9999 -9999 -9999 -9999 -9999 -9999 -9999 -9999 -9999 -9999 -9999 -9999 -9999 -9999 -9999 -9999 -9999 -9999 1.55835E-7 2.0132E-7 5.59181E-7 1.25842E-6 9.79864E-7 5.6794E-7 3.03176E-7 2.17587E-7 2.80504E-7 1.45381E-7 1.76105E-7 4.06632E-7 8.47431E-7 1.94054E-6 2.70878E-5 7.25788E-6 1.05892E-6 4.54242E-6 1.1404E-4 2.02487E-2 4.70504E-2 6.11167E-2 6.86491E-2 7.48668E-2 7.99273E-2 8.28719E-2 8.47535E-2 8.69677E-2 9.36564E-2 9.50202E-2 1.00494E-1 1.0255E-1 1.01888E-1 9.96132E-2 9.866E-2 9.87057E-2
-9999 -9999 -9999 -9999 -9999 -9999 -9999 -9999 -9999 -9999 -9999 -9999 -9999 -9999 -9999 -9999 -9999 -9999 -9999 -9999 -9999 -9999 -9999 -9999 -9999 1.97651E-7 2.66836E-7 9.36719E-7 1.81673E-6 1.20464E-6 1.03631E-6 4.22767E-7 1.47104E-7 1.54235E-7 1.50564E-7 1.5112E-7 4.28875E-7 8.8618E-7 1.76138E-6 8.63681E-6 6.52741E-5 3.43127E-6 3.2206E-6 2.38703E-5 3.4894E-3 1.44542E-2 5.19664E-2 6.69708E-2 7.39361E-2 8.00708E-2 8.28757E-2 8.50542E-2 8.6557E-2 9.32367E-2 9.32383E-2 9.59232E-2 9.71607E-2 9.46261E-2 9.21045E-2 9.26517E-2 9.45947E-2
-9999 -9999 -9999 -9999 -9999 -9999 -9999 -9999 -9999 -9999 -9999 -9999 -9999 -9999 -9999 -9999 -9999 -9999 -9999 -9999 -9999 -9999 -9999 -9999 1.78756E-7 2.25317E-7 3.31359E-7 1.00874E-6 1.97017E-6 1.55158E-6 1.8632E-6 1.32606E-6 2.62353E-7 1.99281E-7 1.97805E-7 1.35194E-7 2.9654E-7 1.95196E-6 2.89865E-6 1.16575E-5 7.77162E-5 2.94129E-5 2.46382E-6 1.0155E-5 2.24327E-4 4.97969E-3 4.77656E-2 6.44436E-2 7.24785E-2 7.94609E-2 8.28981E-2 8.52015E-2 8.54452E-2 9.25309E-2 9.39351E-2 9.32514E-2 9.41828E-2 9.02902E-2 8.80758E-2 8.94393E-2 9.17959E-2
-9999 -9999 -9999 -9999 -9999 -9999 -9999 -9999 -9999 -9999 -9999 -9999 -9999 -9999 -9999 -9999 -9999 -9999 -9999 -9999 -9999 -9999 -9999 -9999 1.81069E-7 2.09128E-7 2.89896E-7 4.82639E-7 1.20979E-6 8.76521E-7 2.32715E-6 2.90576E-6 4.55908E-7 1.37081E-7 1.23482E-7 1.33401E-7 2.34095E-7 1.88151E-6 1.08502E-5 3.36728E-5 1.50628E-4 5.37049E-5 5.88486E-6 1.15224E-5 6.02294E-5 3.44753E-3 4.72318E-2 5.91364E-2 6.96184E-2 7.27232E-2 8.0548E-2 8.36164E-2 8.57094E-2 9.18176E-2 9.14916E-2 9.00957E-2 8.6957E-2 8.44447E-2 8.55386E-2 8.62509E-2 8.85443E-2
-9999 -9999 -9999 -9999 -9999 -9999 -9999 -9999 -9999 -9999 -9999 -9999 -9999 -9999 -9999 -9999 -9999 -9999 -9999 -9999 -9999 -9999 -9999 -9999 1.46133E-7 1.55956E-7 1.71023E-7 2.12856E-7 3.59305E-7 3.31544E-7 1.21619E-6 4.53033E-6 2.1241E-6 2.34693E-7 2.75634E-7 1.97961E-7 1.85581E-7 1.35927E-6 3.56005E-5 4.64245E-5 1.79753E-4 1.61606E-4 1.56517E-5 1.64824E-5 6.48327E-5 3.24447E-3 1.55671E-2 2.18729E-2 6.29612E-2 5.68093E-2 7.49669E-2 8.34132E-2 8.64483E-2 9.08795E-2 8.85383E-2 8.56707E-2 8.23559E-2 8.0977E-2 8.16876E-2 8.3317E-2 8.58353E-2
-9999 -9999 -9999 -9999 -9999 -9999 -9999 -9999 -9999 -9999 -9999 -9999 -9999 -9999 -9999 -9999 -9999 -9999 -9999 -9999 -9999 -9999 -9999 -9999 1.47887E-7 1.64273E-7 1.63061E-7 1.58517E-7 1.91013E-7 9.62859E-8 6.49828E-7 4.72578E-6 4.73265E-6 3.27507E-7 1.48854E-7 1.66779E-7 2.31128E-7 5.01744E-7 8.54868E-6 8.74764E-5 1.71603E-4 2.59761E-4 6.06457E-5 5.67673E-5 2.76434E-5 6.94862E-4 1.28554E-2 4.04835E-2 5.98219E-2 6.30634E-2 4.20135E-2 7.41043E-2 8.43383E-2 8.33136E-2 8.3221E-2 8.09619E-2 7.9554E-2 7.81828E-2 7.88518E-2 8.06246E-2 8.368E-2
-9999 -9999 -9999 -9999 -9999 -9999 -9999 -9999 -9999 -9999 -9999 -9999 -9999 -9999 -9999 -9999 -9999 -9999 -9999 -9999 -9999 -9999 -9999 -9999 1.94859E-7 2.2905E-7 2.6548E-7 2.50992E-7 2.22809E-7 1.09347E-7 2.69389E-7 3.73319E-6 9.77652E-6 6.28984E-7 4.01807E-7 6.05027E-7 4.34234E-7 4.87883E-7 2.41498E-6 4.80451E-5 1.26311E-4 2.58413E-4 2.11332E-4 1.11183E-4 1.63956E-5 3.3637E-5 1.34411E-3 2.54496E-2 3.44541E-2 3.91732E-2 8.31653E-3 4.21681E-2 5.12991E-2 6.80774E-2 6.71776E-2 6.49178E-2 6.51476E-2 6.46601E-2 6.38037E-2 6.53641E-2 6.80499E-2
-9999 -9999 -9999 -9999 -9999 -9999 -9999 -9999 -9999 -9999 -9999 -9999 -9999 -9999 -9999 -9999 -9999 -9999 -9999 -9999 -9999 -9999 -9999 -9999 1.97463E-7 2.25911E-7 2.77696E-7 2.95585E-7 2.4081E-7 9.92185E-8 2.05569E-7 4.3175E-6 2.65238E-5 7.79399E-6 5.77318E-7 2.32317E-7 2.82121E-7 3.60832E-7 1.02244E-6 2.82349E-5 2.73972E-4 3.6904E-4 2.94541E-4 1.84013E-4 3.0964E-5 1.21769E-5 2.09816E-4 8.82198E-3 1.40533E-2 3.32316E-2 5.21302E-3 4.48503E-2 5.32937E-2 6.65375E-2 6.72391E-2 6.59198E-2 6.4458E-2 6.39497E-2 6.35623E-2 6.36508E-2 6.75505E-2
-9999 -9999 -9999 -9999 -9999 -9999 -9999 -9999 -9999 -9999 -9999 -9999 -9999 -9999 -9999 -9999 -9999 -9999 -9999 -9999 -9999 -9999 -9999 -9999 2.15E-7 2.27543E-7 2.6069E-7 2.87368E-7 2.90454E-7 1.12334E-7 1.48338E-7 1.08328E-6 2.03377E-5 1.58818E-5 1.27075E-6 3.26369E-7 9.57046E-7 4.24481E-7 6.27619E-7 3.55189E-5 3.06612E-4 5.29977E-4 5.71603E-4 4.28003E-4 1.79051E-4 1.54461E-5 2.17086E-5 7.35077E-4 1.15762E-2 1.89521E-2 2.26054E-2 4.39473E-2 4.91137E-2 6.71971E-2 6.62082E-2 6.59128E-2 6.40588E-2 6.31737E-2 6.29322E-2 7.8607E-2 6.60935E-2
-9999 -9999 -9999 -9999 -9999 -9999 -9999 -9999 -9999 -9999 -9999 -9999 -9999 -9999 -9999 -9999 -9999 -9999 -9999 -9999 -9999 -9999 -9999 -9999 2.43005E-7 2.62029E-7 2.52792E-7 3.1451E-7 3.66315E-7 1.58049E-7 1.49808E-7 2.43667E-7 7.92055E-6 3.66046E-5 1.99214E-5 1.43734E-6 5.32229E-7 3.8014E-7 5.1824E-7 4.29061E-6 3.07001E-4 7.34151E-4 1.19588E-3 1.3561E-3 4.8174E-4 5.77667E-5 2.69971E-5 1.12277E-4 3.12957E-3 2.16434E-2 3.70045E-2 1.54353E-2 4.85469E-2 5.5193E-2 6.67112E-2 6.62787E-2 6.46572E-2 6.44237E-2 6.39999E-2 6.11302E-2 7.02999E-2
-9999 -9999 -9999 -9999 -9999 -9999 -9999 -9999 -9999 -9999 -9999 -9999 -9999 -9999 -9999 -9999 -9999 -9999 -9999 -9999 -9999 -9999 -9999 -9999 -9999 3.08419E-7 2.70089E-7 2.97445E-7 3.66635E-7 1.79609E-7 2.41685E-7 2.01627E-7 1.00851E-6 1.88587E-5 7.61657E-5 5.9953E-6 1.60764E-6 7.64237E-7 5.59155E-7 2.05884E-6 4.65127E-5 4.38323E-4 1.83854E-3 2.41824E-3 6.56192E-4 1.48666E-4 4.95031E-5 1.56277E-5 1.42201E-3 9.48342E-3 3.46577E-2 1.38735E-2 4.0757E-2 4.83531E-2 6.91077E-2 6.88815E-2 6.58254E-2 6.48188E-2 6.57725E-2 7.40004E-2 8.70285E-2
-9999 -9999 -9999 -9999 -9999 -9999 -9999 -9999 -9999 -9999 -9999 -9999 -9999 -9999 -9999 -9999 -9999 -9999 -9999 -9999 -9999 -9999 -9999 -9999 -9999 -9999 2.59366E-7 3.09106E-7 3.77733E-7 2.27642E-7 2.54864E-7 4.76407E-7 4.78585E-7 1.38004E-5 4.58301E-5 1.12368E-4 1.54204E-5 1.1294E-6 2.6266E-6 4.54706E-6 3.91207E-5 3.84471E-4 2.24579E-3 3.65351E-3 1.26329E-3 3.9076E-4 2.3105E-4 1.15905E-5 5.46114E-4 3.98924E-3 3.0543E-2 2.46018E-2 4.29202E-2 3.79419E-2 7.44845E-2 6.96484E-2 6.75876E-2 6.61228E-2 6.68584E-2 7.12503E-2 8.1011E-2
-9999 -9999 -9999 -9999 -9999 -9999 -9999 -9999 -9999 -9999 -9999 -9999 -9999 -9999 -9999 -9999 -9999 -9999 -9999 -9999 -9999 -9999 -9999 -9999 -9999 -9999 -9999 3.41377E-7 4.22581E-7 5.42676E-7 3.71062E-7 6.99475E-7 1.04119E-6 3.88422E-6 5.55632E-5 1.01883E-4 6.78518E-5 2.92373E-6 2.56579E-6 7.05216E-6 3.4705E-5 6.15189E-4 3.22321E-3 3.91334E-3 4.32633E-3 7.99933E-4 2.4771E-4 1.32678E-5 2.78918E-4 2.37995E-3 2.3123E-2 3.3585E-2 4.35088E-2 4.43577E-2 7.90018E-2 7.18991E-2 6.92469E-2 6.70552E-2 6.79814E-2 7.26098E-2 9.07081E-2
-9999 -9999 -9999 -9999 -9999 -9999 -9999 -9999 -9999 -9999 -9999 -9999 -9999 -9999 -9999 -9999 -9999 -9999 -9999 -9999 -9999 -9999 -9999 -9999 -9999 -9999 -9999 -9999 -9999 7.23601E-7 3.21527E-7 5.22452E-7 3.66003E-7 1.43797E-6 1.39385E-6 2.37913E-5 2.91927E-4 5.57777E-5 2.45629E-5 9.28987E-4 1.26044E-3 1.73918E-3 3.27933E-3 4.07813E-3 5.26668E-3 2.00481E-3 7.14207E-4 8.1893E-5 6.33853E-5 1.5099E-3 1.24371E-2 2.78833E-2 1.98919E-2 6.92942E-2 8.20705E-2 7.47454E-2 7.03166E-2 6.86352E-2 6.85084E-2 7.17316E-2 8.87244E-2
-9999 -9999 -9999 -9999 -9999 -9999 -9999 -9999 -9999 -9999 -9999 -9999 -9999 -9999 -9999 -9999 -9999 -9999 -9999 -9999 -9999 -9999 -9999 -9999 -9999 -9999 -9999 -9999 -9999 -9999 2.20491E-7 2.955E-7 4.34145E-7 2.94425E-7 2.66409E-7 1.56336E-6 7.42813E-5 2.82595E-4 6.72073E-5 4.97035E-6 7.15227E-6 9.87557E-6 5.72181E-4 3.50887E-3 2.89856E-3 2.63517E-3 1.57448E-3 1.56222E-4 1.00509E-4 1.26021E-3 6.88868E-3 2.14606E-2 2.01444E-2 6.17342E-2 7.63165E-2 7.4914E-2 7.35845E-2 7.12502E-2 6.87168E-2 7.01963E-2 7.00303E-2
-9999 -9999 -9999 -9999 -9999 -9999 -9999 -9999 -9999 -9999 -9999 -9999 -9999 -9999 -9999 -9999 -9999 -9999 -9999 -9999 -9999 -9999 -9999 -9999 -9999 -9999 -9999 -9999 -9999 -9999 -9999 2.06557E-7 2.79093E-7 4.00077E-7 2.58471E-7 3.03329E-7 4.09787E-6 8.9356E-5 9.38136E-5 1.35555E-5 5.10415E-6 7.92106E-7 3.13078E-5 2.37799E-3 3.30931E-3 6.42927E-3 2.46792E-3 3.20439E-4 1.21405E-4 2.92599E-4 8.77482E-3 1.74433E-2 2.78377E-2 4.85031E-2 7.33217E-2 7.87828E-2 7.60445E-2 7.39878E-2 6.94481E-2 6.93271E-2 7.248E-2
-9999 -9999 -9999 -9999 -9999 -9999 -9999 -9999 -9999 -9999 -9999 -9999 -9999 -9999 -9999 -9999 -9999 -9999 -9999 -9999 -9999 -9999 -9999 -9999 -9999 -9999 -9999 -9999 -9999 -9999 -9999 1.75038E-7 2.3049E-7 3.02952E-7 3.02887E-7 2.30334E-7 4.33631E-7 5.13223E-6 7.09728E-5 6.65304E-5 2.9216E-5 2.19209E-6 9.97843E-6 8.47237E-4 6.58898E-3 9.1738E-3 6.07351E-3 9.23425E-4 1.88326E-4 1.63004E-4 5.69072E-3 1.19021E-2 3.48788E-2 5.84094E-2 6.6876E-2 7.94425E-2 6.89235E-2 7.17246E-2 7.09594E-2 6.94035E-2 7.02614E-2
