RStudio/Xiphophorus/MaxEnt Models/Xiphophorus pygmaeus/Xiphophorus_pygmaeus.asc
ncols         432
nrows         590
xllcorner     -101.36634685401
yllcorner     19.040437502918
cellsize      0.008333332798
NODATA_value  -9999
[rows 81 to 107 of 590, columns 305 to 365 of 432]
2.36974E-4 2.45155E-4 2.51634E-4 2.32193E-4 2.44786E-4 2.42956E-4 2.29238E-4 2.47478E-4 2.62719E-4 2.56119E-4 2.54944E-4 2.48309E-4 2.33681E-4 2.18729E-4 2.01745E-4 1.21245E-4 1.10683E-4 2.59769E-5 2.20599E-5 1.86715E-5 1.6686E-5 1.46435E-5 1.32241E-5 1.27871E-5 1.18999E-5 1.16201E-5 1.14207E-5 7.41126E-6 8.11844E-6 8.39737E-6 8.13466E-6 7.38508E-6 6.74797E-6 5.85059E-6 4.99248E-6 4.95562E-6 4.84837E-6 4.96453E-6 5.86E-6 6.75832E-6 6.78198E-6 6.74001E-6 6.16802E-6 3.70094E-5 3.57183E-5 -9999 -9999 -9999 -9999 -9999 -9999 -9999 -9999 -9999 -9999 -9999 -9999 -9999 -9999 -9999 -9999
2.57823E-4 2.62918E-4 2.7147E-4 2.53079E-4 2.64522E-4 2.6463E-4 2.63431E-4 2.76325E-4 2.72506E-4 2.71158E-4 2.6422E-4 2.5643E-4 2.39101E-4 2.23046E-4 2.00589E-4 1.13826E-4 2.72084E-5 2.29082E-5 1.98574E-5 1.82985E-5 1.64061E-5 1.48117E-5 1.3339E-5 1.28286E-5 1.2495E-5 1.29638E-5 1.28412E-5 8.989E-6 8.36227E-6 9.02114E-6 9.21291E-6 7.20566E-6 7.20999E-6 5.86658E-6 5.86025E-6 5.18843E-6 5.08496E-6 5.13591E-6 5.64095E-6 5.85622E-6 6.26567E-6 6.87541E-6 5.95457E-6 3.55386E-5 3.53604E-5 -9999 -9999 -9999 -9999 -9999 -9999 -9999 -9999 -9999 -9999 -9999 -9999 -9999 -9999 -9999 -9999
2.77804E-4 2.8826E-4 2.92013E-4 2.79249E-4 2.86381E-4 2.86655E-4 2.90744E-4 2.88889E-4 2.81425E-4 2.83702E-4 2.89106E-4 2.79826E-4 2.57548E-4 2.40782E-4 1.92782E-4 2.83377E-5 2.46234E-5 2.20549E-5 2.03133E-5 1.81901E-5 1.68109E-5 1.51427E-5 1.38927E-5 1.38238E-5 1.37567E-5 1.35702E-5 1.55283E-5 9.26448E-6 9.41786E-6 9.68346E-6 9.0696E-6 8.12947E-6 8.40117E-6 7.97775E-6 7.30142E-6 5.73593E-6 6.18815E-6 4.80353E-6 4.35731E-6 4.82383E-6 4.95859E-6 5.68188E-6 7.06205E-6 6.26541E-6 5.96594E-6 3.77596E-5 -9999 -9999 -9999 -9999 -9999 -9999 -9999 -9999 -9999 -9999 -9999 -9999 -9999 -9999 -9999
3.1463E-4 3.13594E-4 3.20774E-4 3.02965E-4 3.10229E-4 3.09377E-4 3.15772E-4 2.9893E-4 2.70186E-4 2.71378E-4 2.9221E-4 2.92246E-4 2.737E-4 2.51294E-4 2.03408E-4 2.96039E-5 2.55905E-5 2.31553E-5 2.07091E-5 1.91657E-5 1.79957E-5 1.75323E-5 1.78469E-5 1.63744E-5 1.58202E-5 1.47631E-5 1.39615E-5 1.05503E-5 9.78618E-6 1.03479E-5 9.64523E-6 9.11824E-6 8.85024E-6 8.76606E-6 7.75724E-6 7.4921E-6 6.67041E-6 5.0735E-6 4.85094E-6 4.96862E-6 5.76083E-6 4.93901E-6 6.37124E-6 7.22726E-6 6.73872E-6 5.89387E-6 4.96405E-6 3.72146E-5 -9999 -9999 -9999 -9999 -9999 -9999 -9999 -9999 -9999 -9999 -9999 -9999 -9999
3.64269E-4 3.48832E-4 3.45211E-4 3.33917E-4 3.33612E-4 3.3632E-4 3.33644E-4 3.13606E-4 2.79582E-4 2.52873E-4 2.9841E-4 2.70457E-4 2.43863E-4 5.70277E-5 4.8092E-5 3.05155E-5 2.86006E-5 2.45584E-5 2.2544E-5 2.09532E-5 2.051E-5 2.15794E-5 1.84677E-5 1.65092E-5 1.53729E-5 1.53905E-5 1.57934E-5 1.09216E-5 1.1192E-5 1.08455E-5 1.03436E-5 1.01859E-5 1.00329E-5 9.44787E-6 9.38003E-6 8.6259E-6 7.37182E-6 6.87156E-6 6.21955E-6 6.91392E-6 6.32585E-6 4.49076E-6 5.05373E-6 6.8974E-6 6.73185E-6 7.35202E-6 6.21842E-6 4.72621E-6 5.26135E-6 5.18039E-6 3.45901E-5 -9999 -9999 -9999 -9999 -9999 -9999 -9999 -9999 -9999 -9999
4.15067E-4 4.04365E-4 3.83842E-4 3.56572E-4 3.64636E-4 3.59458E-4 3.27947E-4 2.95605E-4 2.79263E-4 2.49077E-4 2.6638E-4 6.44836E-5 6.21631E-5 5.9151E-5 5.62422E-5 3.3859E-5 2.9218E-5 2.56667E-5 2.35588E-5 2.31777E-5 2.62952E-5 2.27562E-5 1.69382E-5 1.73313E-5 1.89638E-5 1.7508E-5 1.77427E-5 1.23366E-5 1.30476E-5 1.24183E-5 1.22507E-5 1.14521E-5 1.12293E-5 1.05467E-5 1.00345E-5 1.01558E-5 9.14208E-6 8.69546E-6 8.85683E-6 8.09683E-6 6.63878E-6 5.42151E-6 5.80816E-6 6.36012E-6 4.99719E-6 5.59298E-6 6.75785E-6 6.73386E-6 7.35306E-6 5.72044E-6 4.58012E-5 2.91972E-5 4.04946E-5 -9999 -9999 -9999 -9999 -9999 -9999 -9999 -9999
4.76E-4 4.57924E-4 4.42399E-4 3.97971E-4 3.92666E-4 3.71788E-4 3.01951E-4 2.85176E-4 3.02005E-4 3.03489E-4 3.08757E-4 2.95735E-4 2.68593E-4 6.06665E-5 5.44752E-5 3.24954E-5 2.9259E-5 2.66006E-5 2.58953E-5 2.71518E-5 3.19033E-5 2.48338E-5 1.98872E-5 2.05908E-5 2.15718E-5 2.06195E-5 1.99486E-5 1.38305E-5 1.38194E-5 1.36385E-5 1.32618E-5 1.31336E-5 1.37118E-5 1.2419E-5 1.22318E-5 1.17709E-5 1.15025E-5 1.17586E-5 1.08833E-5 8.5669E-6 7.56886E-6 5.99056E-6 5.00556E-6 4.57094E-6 4.41642E-6 5.31353E-6 5.59818E-6 5.61082E-6 5.38299E-6 4.5834E-6 4.91045E-5 4.07424E-6 4.60824E-6 3.84026E-5 3.74554E-5 -9999 -9999 -9999 -9999 -9999 -9999
5.45757E-4 5.29321E-4 5.05379E-4 4.60882E-4 4.29902E-4 3.8382E-4 3.4627E-4 3.33314E-4 3.63328E-4 3.52221E-4 3.23629E-4 2.86639E-4 6.86914E-5 6.44902E-5 5.7874E-5 3.42198E-5 3.12675E-5 2.98353E-5 3.14019E-5 3.65992E-5 3.36713E-5 3.05986E-5 2.59032E-5 2.46717E-5 2.50582E-5 2.41631E-5 2.39244E-5 1.48675E-5 1.54941E-5 1.39859E-5 1.35674E-5 1.47432E-5 1.48657E-5 1.36603E-5 1.25595E-5 1.13587E-5 1.07984E-5 1.10881E-5 1.08029E-5 9.87405E-6 8.19481E-6 6.54673E-6 5.83537E-6 5.31735E-6 5.17527E-6 5.71763E-6 5.55841E-6 5.04072E-6 4.85937E-6 4.32635E-6 4.85331E-6 4.94346E-6 5.78449E-6 5.20196E-6 7.87885E-6 8.00718E-5 8.7335E-5 9.21075E-5 -9999 -9999 -9999
6.35269E-4 6.0378E-4 5.8437E-4 5.2117E-4 4.9154E-4 4.06147E-4 3.99638E-4 4.18058E-4 3.77936E-4 3.4194E-4 3.28485E-4 3.11829E-4 7.55359E-5 6.74668E-5 6.01865E-5 3.69765E-5 4.0665E-5 4.44818E-5 4.44018E-5 4.10959E-5 3.80653E-5 3.54009E-5 3.01653E-5 2.95677E-5 2.70094E-5 2.63156E-5 2.65435E-5 1.76172E-5 1.74915E-5 1.6522E-5 1.55194E-5 1.48339E-5 1.52488E-5 1.453E-5 1.31533E-5 1.13701E-5 9.83949E-6 9.0935E-6 9.21036E-6 9.3248E-6 9.05331E-6 9.48158E-6 8.06552E-6 7.24206E-6 6.51131E-6 6.69591E-6 6.76323E-6 6.00672E-6 5.43458E-6 4.70414E-6 5.03198E-6 5.39542E-6 5.35636E-6 4.5412E-6 7.4346E-6 8.97298E-6 9.302E-5 8.81669E-5 8.73034E-5 -9999 -9999
7.32273E-4 6.98711E-4 6.66713E-4 5.98242E-4 5.67534E-4 5.34431E-4 4.92905E-4 4.5737E-4 4.16333E-4 3.89338E-4 3.74017E-4 8.82491E-5 7.74609E-5 7.02462E-5 7.03778E-5 5.37848E-5 5.452E-5 5.02917E-5 4.44001E-5 3.92672E-5 3.58145E-5 3.34728E-5 3.14034E-5 3.01844E-5 2.68808E-5 2.52511E-5 2.54206E-5 1.79448E-5 1.7862E-5 1.83742E-5 1.81149E-5 1.69463E-5 1.64038E-5 1.5959E-5 1.37555E-5 1.17084E-5 1.11032E-5 8.60182E-6 1.00051E-5 1.02662E-5 1.08803E-5 1.28669E-5 1.09608E-5 8.8247E-6 8.57014E-6 6.80875E-6 7.52271E-6 6.92193E-6 5.58878E-6 5.8732E-6 6.37224E-6 6.14719E-6 4.74369E-6 8.09367E-6 8.44424E-6 9.79379E-6 9.72781E-6 9.13819E-5 9.55427E-5 -9999 -9999
8.50005E-4 8.0352E-4 7.66487E-4 6.2889E-4 5.93874E-4 5.45658E-4 4.94098E-4 4.16835E-4 3.67214E-4 3.50709E-4 3.49808E-4 8.23547E-5 7.59442E-5 7.53752E-5 3.43736E-4 6.11765E-5 5.46451E-5 4.61743E-5 4.00346E-5 3.72305E-5 3.59152E-5 3.36343E-5 3.0005E-5 2.86068E-5 2.66686E-5 2.55795E-5 2.48622E-5 2.40786E-5 2.51034E-5 2.53954E-5 2.53969E-5 2.43712E-5 2.47096E-5 2.39071E-5 2.0578E-5 1.51926E-5 1.40188E-5 1.40296E-5 1.66158E-5 1.33193E-5 1.47962E-5 1.36071E-5 1.08586E-5 9.84557E-6 9.29018E-6 6.76705E-6 8.25251E-6 7.00268E-6 5.37072E-6 5.14764E-6 6.74099E-6 6.34927E-6 4.852E-6 7.96876E-6 9.34426E-6 1.00167E-5 9.60899E-6 9.49915E-5 1.0039E-4 -9999 -9999
9.81874E-4 9.30576E-4 8.74548E-4 7.11192E-4 6.71479E-4 6.17241E-4 5.38875E-4 4.31213E-4 3.85714E-4 3.94719E-4 3.83422E-4 8.91573E-5 8.55083E-5 3.90698E-4 9.66929E-5 6.16266E-5 5.31657E-5 4.80515E-5 4.30635E-5 4.09649E-5 3.74605E-5 3.39733E-5 3.14621E-5 2.90047E-5 2.67883E-5 2.66999E-5 2.65542E-5 2.41988E-5 2.54482E-5 2.66146E-5 2.7107E-5 2.57078E-5 2.65562E-5 2.55185E-5 2.24271E-5 1.933E-5 1.87925E-5 1.96164E-5 2.08324E-5 1.51143E-5 1.56398E-5 1.2606E-5 1.27187E-5 1.14037E-5 7.74409E-6 7.83401E-6 8.6674E-6 7.91021E-6 6.77544E-6 5.80174E-6 6.33532E-6 7.09544E-6 5.86738E-6 8.89133E-6 1.00519E-5 6.74265E-6 9.88909E-6 1.17446E-4 1.10792E-4 -9999 -9999
1.13938E-3 1.06229E-3 9.99811E-4 8.0723E-4 7.57801E-4 7.21438E-4 5.72734E-4 4.76531E-4 4.47076E-4 4.44682E-4 4.15603E-4 9.6748E-5 4.37572E-4 4.54988E-4 1.04315E-4 6.55762E-5 5.71646E-5 5.16666E-5 4.79709E-5 4.47807E-5 4.12528E-5 3.69683E-5 3.2588E-5 2.85386E-5 2.66545E-5 2.42929E-5 2.32868E-5 2.36791E-5 2.60935E-5 2.54042E-5 2.69197E-5 2.90163E-5 2.80061E-5 2.7609E-5 2.47874E-5 2.34119E-5 2.09068E-5 2.22399E-5 2.3402E-5 1.79925E-5 1.55877E-5 1.38693E-5 1.37179E-5 1.17172E-5 8.617E-6 9.64217E-6 7.51399E-6 6.93311E-6 8.60959E-6 1.03042E-5 8.11961E-6 8.87264E-6 1.04748E-5 1.07103E-5 7.13362E-6 9.97677E-6 1.01E-5 1.07815E-5 1.34672E-5 -9999 -9999
1.30702E-3 1.21165E-3 1.14221E-3 9.24812E-4 8.78003E-4 8.08454E-4 6.4772E-4 5.55854E-4 5.41228E-4 4.85458E-4 1.12994E-4 5.07832E-4 5.2847E-4 1.15794E-4 1.05378E-4 6.93396E-5 6.20266E-5 5.65127E-5 5.42713E-5 4.75013E-5 4.37428E-5 3.96611E-5 3.36788E-5 2.85115E-5 2.77915E-5 2.52463E-5 1.85767E-5 2.17187E-5 2.29316E-5 2.06762E-5 2.28706E-5 3.03443E-5 3.11063E-5 3.10002E-5 3.14869E-5 3.02961E-5 2.84586E-5 2.62359E-5 2.80093E-5 1.8891E-5 1.44157E-5 1.46142E-5 1.58113E-5 1.27102E-5 1.17778E-5 1.38766E-5 9.57891E-6 6.96961E-6 1.0396E-5 1.35352E-5 1.40605E-5 1.25939E-5 1.08061E-5 9.67777E-6 7.04996E-6 1.00319E-5 9.88396E-6 1.24928E-5 1.49679E-5 -9999 -9999
1.50873E-3 1.40793E-3 1.31461E-3 1.05744E-3 9.91427E-4 8.96531E-4 7.60231E-4 7.04259E-4 6.18047E-4 5.92469E-4 6.05041E-4 6.18803E-4 1.36194E-4 1.23865E-4 1.12382E-4 7.30381E-5 6.82128E-5 6.14872E-5 5.69115E-5 5.05343E-5 4.54254E-5 4.0476E-5 3.59035E-5 3.11043E-5 2.72535E-5 2.62892E-5 2.1334E-5 1.82199E-5 1.70279E-5 1.93232E-5 2.38252E-5 2.59543E-5 3.14109E-5 3.24811E-5 3.43628E-5 3.41511E-5 3.23613E-5 3.13308E-5 2.92438E-5 1.64394E-5 1.2914E-5 1.58097E-5 1.69714E-5 1.3605E-5 1.34777E-5 1.38609E-5 9.43617E-6 7.47691E-6 1.13542E-5 1.83211E-5 1.64978E-5 1.01957E-5 7.29423E-6 1.10062E-5 1.12235E-5 1.10061E-5 1.1898E-5 1.58968E-5 -9999 -9999 -9999
1.68624E-3 1.61071E-3 1.50071E-3 1.18517E-3 1.10012E-3 1.02388E-3 9.3134E-4 8.39178E-4 7.5687E-4 7.53326E-4 6.90977E-4 6.28996E-4 1.36367E-4 1.32108E-4 1.21559E-4 7.97426E-5 7.17257E-5 6.65812E-5 6.10592E-5 5.47749E-5 4.9481E-5 4.42143E-5 3.93051E-5 3.37893E-5 3.41246E-5 3.10599E-5 2.48843E-5 1.84256E-5 2.08271E-5 2.38039E-5 2.08129E-5 2.60125E-5 3.40803E-5 3.44281E-5 3.35183E-5 3.65333E-5 3.75441E-5 3.39052E-5 2.93697E-5 1.63756E-5 1.51423E-5 1.78956E-5 1.9705E-5 1.67373E-5 1.81194E-5 1.49065E-5 1.02501E-5 8.89791E-6 1.30505E-5 1.93344E-5 1.99369E-5 1.09222E-5 1.14541E-5 1.16426E-5 1.44012E-5 1.44375E-5 1.66322E-5 -9999 -9999 -9999 -9999
1.87616E-3 1.7534E-3 1.68713E-3 1.33496E-3 1.22482E-3 1.14442E-3 1.03963E-3 9.48467E-4 8.62401E-4 8.11151E-4 7.39079E-4 1.52785E-4 1.49626E-4 1.47578E-4 1.35144E-4 8.71987E-5 7.903E-5 7.48769E-5 6.81756E-5 6.10302E-5 5.44832E-5 4.83644E-5 4.05997E-5 3.85411E-5 3.2156E-5 2.69278E-5 2.92534E-5 3.01304E-5 3.08345E-5 2.5008E-5 2.62136E-5 2.83871E-5 3.41627E-5 3.0724E-5 3.42609E-5 3.92328E-5 4.16112E-5 3.62755E-5 3.27813E-5 2.01917E-5 2.03909E-5 2.02624E-5 2.10737E-5 1.91723E-5 2.07732E-5 1.59182E-5 1.22851E-5 1.27524E-5 1.92416E-5 2.22927E-5 2.33604E-5 1.48178E-5 1.06671E-5 1.18455E-5 1.24578E-5 1.38223E-5 1.17462E-5 -9999 -9999 -9999 -9999
2.14845E-3 1.98326E-3 1.87556E-3 1.50014E-3 1.37721E-3 1.27485E-3 1.16749E-3 1.06499E-3 9.82246E-4 8.76125E-4 8.31165E-4 1.73118E-4 1.72198E-4 1.58676E-4 1.43446E-4 9.70727E-5 8.6151E-5 8.24999E-5 7.71976E-5 7.00819E-5 6.27855E-5 5.51654E-5 4.50413E-5 4.21403E-5 3.82941E-5 3.0072E-5 3.94355E-5 4.42312E-5 4.02487E-5 3.22324E-5 2.3726E-5 3.21557E-5 3.91591E-5 3.87276E-5 3.92987E-5 4.18002E-5 4.65237E-5 4.10781E-5 3.69519E-5 2.34839E-5 2.14154E-5 2.44918E-5 2.29165E-5 2.00309E-5 2.29446E-5 1.89275E-5 1.43539E-5 1.64745E-5 2.3263E-5 2.04447E-5 1.95094E-5 1.39739E-5 1.244E-5 1.30991E-5 1.587E-5 1.71489E-5 1.81339E-5 -9999 -9999 -9999 -9999
2.3908E-3 2.21171E-3 2.05445E-3 1.65838E-3 1.5537E-3 1.44051E-3 1.32719E-3 1.19211E-3 1.07272E-3 9.61833E-4 8.84954E-4 2.0096E-4 1.86036E-4 1.68995E-4 1.56627E-4 1.02457E-4 9.57037E-5 9.08803E-5 8.53376E-5 7.87973E-5 7.03916E-5 6.28794E-5 5.38727E-5 4.64788E-5 4.30052E-5 3.37863E-5 4.14106E-5 4.75772E-5 4.64934E-5 4.58121E-5 3.48742E-5 3.38777E-5 3.98691E-5 4.57888E-5 4.66821E-5 4.66103E-5 5.00866E-5 4.27682E-5 3.85722E-5 2.41632E-5 2.31926E-5 2.58015E-5 2.63888E-5 2.66976E-5 2.5381E-5 2.12541E-5 1.78014E-5 2.41022E-5 2.69163E-5 1.95563E-5 1.62154E-5 1.15297E-5 1.16168E-5 1.16493E-5 1.6272E-5 1.98389E-5 2.09807E-5 -9999 -9999 -9999 -9999
2.62166E-3 2.40156E-3 2.24055E-3 1.79358E-3 1.7058E-3 1.59767E-3 1.45115E-3 1.31754E-3 1.18433E-3 1.03299E-3 9.441E-4 2.11561E-4 1.96371E-4 1.83829E-4 1.66482E-4 1.1351E-4 1.09571E-4 1.02502E-4 9.51434E-5 8.99664E-5 8.19774E-5 7.42478E-5 6.47044E-5 5.49697E-5 5.24282E-5 4.8518E-5 4.3711E-5 4.10754E-5 4.71195E-5 5.1343E-5 4.61126E-5 3.85833E-5 4.11302E-5 4.49006E-5 5.18621E-5 5.13846E-5 5.25988E-5 4.40512E-5 3.88708E-5 2.51674E-5 2.71559E-5 2.92425E-5 3.19136E-5 2.67676E-5 2.29736E-5 2.17993E-5 1.90551E-5 2.40177E-5 3.1398E-5 2.54813E-5 1.93355E-5 1.38102E-5 1.47009E-5 1.41438E-5 1.50767E-5 1.91015E-5 2.56743E-5 2.28099E-5 -9999 -9999 -9999
2.92016E-3 2.64137E-3 2.43474E-3 1.94532E-3 1.85098E-3 1.72347E-3 1.58898E-3 1.44097E-3 1.2986E-3 1.14401E-3 1.05974E-3 2.32273E-4 2.13346E-4 1.94056E-4 1.82378E-4 1.29192E-4 1.22193E-4 1.1725E-4 1.09794E-4 1.04035E-4 9.5962E-5 8.89623E-5 7.91007E-5 6.78464E-5 5.87334E-5 4.79662E-5 4.7357E-5 4.55947E-5 4.74614E-5 5.5442E-5 5.74609E-5 5.4299E-5 5.42728E-5 5.49452E-5 5.97684E-5 5.72057E-5 5.74934E-5 4.9986E-5 4.0428E-5 2.65029E-5 2.35406E-5 2.88067E-5 3.34365E-5 2.67702E-5 2.06359E-5 1.91835E-5 2.1029E-5 3.1036E-5 2.85974E-5 2.28681E-5 2.29495E-5 1.62374E-5 1.80791E-5 2.12427E-5 1.93734E-5 2.05409E-5 2.61821E-5 2.24657E-5 -9999 -9999 -9999
3.31959E-3 3.015E-3 2.64776E-3 2.07841E-3 1.97747E-3 1.87458E-3 1.70419E-3 1.57157E-3 1.38876E-3 1.28084E-3 1.1779E-3 2.50197E-4 2.32256E-4 2.11459E-4 2.07944E-4 1.43864E-4 1.38265E-4 1.3167E-4 1.26145E-4 1.1773E-4 1.10237E-4 1.03149E-4 9.34997E-5 8.64765E-5 7.37487E-5 7.17063E-5 6.26228E-5 5.22351E-5 5.36128E-5 6.54791E-5 6.73221E-5 6.65873E-5 6.59907E-5 6.54108E-5 6.55924E-5 6.54955E-5 5.77702E-5 4.64234E-5 3.73872E-5 2.31441E-5 2.36962E-5 3.08348E-5 3.5042E-5 2.83563E-5 2.27124E-5 2.26853E-5 2.24262E-5 2.93739E-5 3.37669E-5 2.8333E-5 2.7458E-5 1.8479E-5 2.03326E-5 2.29564E-5 2.55425E-5 2.79155E-5 2.50827E-5 -9999 -9999 -9999 -9999
3.93839E-3 3.57075E-3 3.11389E-3 2.91272E-3 2.68759E-3 2.51836E-3 2.33976E-3 2.08996E-3 1.90139E-3 1.83361E-3 3.77276E-4 3.42983E-4 3.13086E-4 2.93294E-4 2.86094E-4 1.94837E-4 1.87583E-4 1.80092E-4 1.72524E-4 1.62523E-4 1.5258E-4 1.43535E-4 1.33913E-4 1.23594E-4 1.14563E-4 1.11412E-4 1.02018E-4 8.25113E-5 8.59726E-5 8.67484E-5 8.69131E-5 8.62392E-5 8.56838E-5 8.52151E-5 8.41698E-5 8.08333E-5 7.04848E-5 5.65545E-5 5.07673E-5 4.25701E-5 4.08611E-5 4.70865E-5 5.44047E-5 4.36845E-5 3.93514E-5 3.81514E-5 3.39969E-5 4.31669E-5 5.27577E-5 5.01978E-5 4.55887E-5 3.24863E-5 3.21853E-5 3.45028E-5 3.93028E-5 4.45247E-5 -9999 -9999 -9999 -9999 -9999
4.42664E-3 3.97447E-3 3.43715E-3 3.28974E-3 2.99888E-3 2.76186E-3 2.48561E-3 2.28725E-3 2.22486E-3 2.11042E-3 4.2919E-4 3.59448E-4 3.38009E-4 3.31033E-4 3.16657E-4 2.12845E-4 2.08136E-4 2.02044E-4 1.93299E-4 1.82441E-4 1.73678E-4 1.64465E-4 1.57503E-4 1.46646E-4 1.38995E-4 1.40559E-4 1.41009E-4 1.13714E-4 1.08616E-4 1.04052E-4 9.73575E-5 9.57848E-5 9.53118E-5 9.40507E-5 9.13959E-5 8.21457E-5 7.33445E-5 6.76606E-5 5.98766E-5 4.79272E-5 4.84861E-5 5.3001E-5 5.88918E-5 4.85751E-5 4.43782E-5 4.37103E-5 4.17892E-5 3.95813E-5 4.93824E-5 6.65711E-5 6.04336E-5 3.79232E-5 3.88049E-5 4.0835E-5 5.11664E-5 -9999 -9999 -9999 -9999 -9999 -9999
4.89386E-3 4.37702E-3 3.85942E-3 3.55099E-3 3.27201E-3 2.91165E-3 2.69535E-3 2.58947E-3 2.45334E-3 2.3105E-3 4.54721E-4 3.86938E-4 3.77462E-4 3.6253E-4 3.53928E-4 2.3543E-4 2.31088E-4 2.23881E-4 2.1423E-4 2.05644E-4 1.99436E-4 1.90226E-4 1.83227E-4 1.74969E-4 1.69081E-4 1.67568E-4 1.63884E-4 1.3358E-4 1.24568E-4 1.17312E-4 1.06375E-4 1.02623E-4 1.02427E-4 1.00757E-4 9.71634E-5 8.38761E-5 8.17375E-5 7.93944E-5 7.38134E-5 6.29235E-5 5.96389E-5 5.89641E-5 6.3741E-5 5.58731E-5 5.06122E-5 5.00633E-5 4.79219E-5 4.95441E-5 5.02337E-5 6.46908E-5 6.54968E-5 4.20315E-5 4.8861E-5 5.37014E-5 5.63673E-5 -9999 -9999 -9999 -9999 -9999 -9999
5.48547E-3 4.74789E-3 4.22827E-3 3.85005E-3 3.43607E-3 3.19689E-3 3.03662E-3 2.84205E-3 2.71917E-3 5.63784E-4 4.7157E-4 4.25095E-4 4.08384E-4 4.00035E-4 3.87505E-4 2.60667E-4 2.52379E-4 2.46925E-4 2.38448E-4 2.29575E-4 2.2328E-4 2.14332E-4 2.07371E-4 1.99839E-4 1.94696E-4 1.88127E-4 1.74257E-4 1.4421E-4 1.32585E-4 1.2684E-4 1.20455E-4 1.11444E-4 1.08674E-4 1.07557E-4 9.76452E-5 8.73266E-5 9.28861E-5 9.07548E-5 8.70216E-5 7.33442E-5 7.21506E-5 6.87635E-5 6.95394E-5 6.07949E-5 5.80166E-5 5.90889E-5 5.80232E-5 5.89687E-5 5.77645E-5 6.74837E-5 7.25416E-5 5.06417E-5 5.82908E-5 6.14628E-5 -9999 -9999 -9999 -9999 -9999 -9999 -9999
6.10805E-3 4.9939E-3 4.51408E-3 4.12545E-3 3.736E-3 3.55598E-3 3.35654E-3 3.21237E-3 2.86888E-3 5.75424E-4 4.7984E-4 4.85269E-4 4.43255E-4 4.23707E-4 4.18263E-4 2.84404E-4 2.77451E-4 2.70599E-4 2.61047E-4 2.50741E-4 2.4201E-4 2.35687E-4 2.32392E-4 2.24367E-4 2.16809E-4 2.05277E-4 1.88112E-4 1.55055E-4 1.43598E-4 1.38335E-4 1.33235E-4 1.22765E-4 1.15709E-4 1.13019E-4 1.08291E-4 9.77125E-5 1.00799E-4 9.75622E-5 9.64068E-5 8.20496E-5 8.11148E-5 7.96044E-5 7.48253E-5 6.93854E-5 6.66371E-5 6.54969E-5 6.46976E-5 6.6098E-5 6.95222E-5 7.8793E-5 8.39903E-5 6.1532E-5 6.40194E-5 -9999 -9999 -9999 -9999 -9999 -9999 -9999 -9999
