RStudio/Xiphophorus/MaxEnt Models/Xiphophorus pygmaeus/Xiphophorus_pygmaeus.asc
ncols         432
nrows         590
xllcorner     -101.36634685401
yllcorner     19.040437502918
cellsize      0.008333332798
NODATA_value  -9999
[rows 135 to 161 of 590, columns 244 to 304 of 432]
8.94664E-2 9.43707E-2 9.88581E-2 1.05644E-1 1.11071E-1 4.58298E-2 2.43446E-2 7.11595E-2 1.38229E-1 1.02735E-1 9.02698E-2 8.27374E-2 7.65634E-2 6.85713E-2 5.58827E-2 5.2099E-2 6.60728E-2 6.05847E-2 5.45031E-2 5.20989E-2 5.04269E-2 4.94725E-2 4.65994E-2 5.6739E-2 7.39282E-2 8.91681E-2 7.24813E-2 3.79059E-2 4.82676E-2 4.41263E-2 3.86651E-2 3.43728E-2 3.25161E-2 3.0789E-2 2.83883E-2 2.588E-2 2.39674E-2 2.22051E-2 2.04237E-2 1.9076E-2 2.68055E-2 2.45262E-2 2.20106E-2 2.06214E-2 1.91753E-2 1.78949E-2 1.66151E-2 1.59929E-2 1.47651E-2 1.38819E-2 1.29643E-2 1.20492E-2 1.22704E-2 1.13354E-2 1.05567E-2 9.76137E-3 8.95009E-3 8.1553E-3 7.3641E-3 6.76919E-3 5.911E-3
9.18645E-2 9.24348E-2 9.58583E-2 1.09221E-1 1.22106E-1 8.78119E-2 3.37782E-2 9.41131E-2 1.37035E-1 1.04358E-1 9.33012E-2 7.94597E-2 7.24196E-2 6.84262E-2 5.73464E-2 5.25696E-2 6.69195E-2 5.97001E-2 5.85721E-2 5.73839E-2 5.29059E-2 5.19994E-2 4.98517E-2 5.95232E-2 8.84478E-2 9.67717E-2 9.05963E-2 3.91321E-2 5.07097E-2 4.63901E-2 4.10993E-2 3.70191E-2 3.45411E-2 3.20779E-2 2.89668E-2 2.70352E-2 2.5419E-2 2.34893E-2 2.16217E-2 2.00549E-2 2.80989E-2 2.56128E-2 2.30196E-2 2.12343E-2 1.97378E-2 1.83181E-2 1.6596E-2 1.55737E-2 1.43834E-2 1.3732E-2 1.25455E-2 1.17719E-2 1.19369E-2 1.10564E-2 1.03605E-2 9.52984E-3 8.78612E-3 8.02782E-3 7.22322E-3 6.60761E-3 6.00496E-3
8.81896E-2 8.98516E-2 9.31481E-2 9.82457E-2 1.11202E-1 1.24599E-1 1.05146E-1 8.50731E-2 9.06348E-2 1.44717E-1 8.95154E-2 7.96353E-2 7.31977E-2 6.71182E-2 5.75744E-2 5.17205E-2 6.5201E-2 6.52088E-2 6.92671E-2 6.61543E-2 5.46518E-2 5.17507E-2 4.8949E-2 4.99994E-2 9.25509E-2 1.0159E-1 1.11612E-1 3.79462E-2 5.32719E-2 4.72874E-2 4.30484E-2 3.88432E-2 3.67118E-2 3.34856E-2 3.09262E-2 2.8508E-2 2.65738E-2 2.48957E-2 2.30475E-2 2.15252E-2 2.98871E-2 2.74105E-2 2.50141E-2 2.29861E-2 2.10999E-2 1.88587E-2 1.7086E-2 1.59531E-2 1.44078E-2 1.3335E-2 1.22947E-2 1.16302E-2 1.16224E-2 1.0842E-2 1.01959E-2 9.37335E-3 8.70906E-3 7.95216E-3 7.10606E-3 6.47365E-3 5.96895E-3
8.67532E-2 8.9965E-2 9.04641E-2 9.35505E-2 1.071E-1 1.1548E-1 1.18563E-1 7.81702E-2 8.59019E-2 6.66134E-2 1.15419E-1 8.16752E-2 7.69029E-2 6.64394E-2 5.48941E-2 4.9079E-2 6.74027E-2 7.12609E-2 6.85978E-2 6.49361E-2 5.39109E-2 4.91517E-2 4.89093E-2 5.29965E-2 7.18462E-2 1.08706E-1 1.06107E-1 5.86257E-2 5.43281E-2 4.9301E-2 4.501E-2 4.10824E-2 3.84238E-2 3.49846E-2 3.22324E-2 2.99606E-2 2.79196E-2 2.59002E-2 2.43073E-2 2.26134E-2 3.1244E-2 2.84657E-2 2.62899E-2 2.4248E-2 2.21943E-2 1.9722E-2 1.77293E-2 1.60505E-2 1.47204E-2 1.36384E-2 1.20986E-2 1.11274E-2 1.13053E-2 1.08022E-2 9.93727E-3 9.14508E-3 8.55719E-3 7.83324E-3 6.98845E-3 6.29073E-3 5.76251E-3
8.35672E-2 8.96942E-2 8.78008E-2 8.54468E-2 9.54213E-2 1.04848E-1 1.11909E-1 1.13052E-1 8.5845E-2 4.91741E-2 1.1256E-1 1.0257E-1 6.67593E-2 5.65952E-2 4.87518E-2 5.07048E-2 8.56624E-2 8.81005E-2 8.16886E-2 7.36143E-2 6.2328E-2 5.74173E-2 5.86847E-2 6.3037E-2 8.58616E-2 1.16933E-1 1.22536E-1 1.10718E-1 5.79074E-2 5.82389E-2 5.30273E-2 4.85843E-2 4.47777E-2 4.09E-2 3.80368E-2 3.52908E-2 3.28E-2 3.04339E-2 2.85653E-2 2.6757E-2 3.42039E-2 3.10764E-2 2.82445E-2 2.62951E-2 2.38333E-2 2.15448E-2 1.95323E-2 1.77317E-2 1.61443E-2 1.46637E-2 1.32445E-2 1.20667E-2 1.2736E-2 1.17924E-2 1.081E-2 1.02272E-2 9.38664E-3 8.62482E-3 7.85992E-3 6.98654E-3 6.42933E-3
8.94603E-2 9.38221E-2 1.00306E-1 8.62521E-2 9.54943E-2 1.01536E-1 1.04446E-1 1.14103E-1 1.03692E-1 4.10826E-2 5.71598E-2 9.86955E-2 6.3145E-2 5.46231E-2 5.77366E-2 5.89162E-2 8.86146E-2 9.00011E-2 8.28381E-2 7.15993E-2 6.23682E-2 5.79758E-2 5.80298E-2 6.05624E-2 6.73079E-2 9.80963E-2 1.15461E-1 1.0784E-1 5.55726E-2 5.71257E-2 5.36503E-2 5.0724E-2 4.6235E-2 4.26207E-2 3.97955E-2 3.68385E-2 3.44657E-2 3.1978E-2 3.00086E-2 2.78441E-2 3.53725E-2 3.25295E-2 2.99595E-2 2.73365E-2 2.4953E-2 2.29541E-2 2.08552E-2 1.89254E-2 1.73576E-2 1.56397E-2 1.40739E-2 1.23544E-2 1.31787E-2 1.22815E-2 1.08575E-2 9.97744E-3 9.17908E-3 8.44086E-3 7.77244E-3 7.11708E-3 6.80359E-3
9.18254E-2 9.99257E-2 9.84098E-2 8.6315E-2 9.52726E-2 9.60844E-2 1.02811E-1 1.03883E-1 1.14197E-1 8.67158E-2 7.65222E-2 1.13897E-1 6.40121E-2 6.5716E-2 6.61736E-2 5.94423E-2 8.75047E-2 8.32503E-2 7.83316E-2 6.90337E-2 6.1788E-2 5.79729E-2 5.71395E-2 5.47431E-2 6.12799E-2 1.14377E-1 1.08806E-1 1.0535E-1 1.05922E-1 5.60757E-2 5.37464E-2 5.08853E-2 4.85126E-2 4.41698E-2 4.08863E-2 3.83232E-2 3.59088E-2 3.34436E-2 3.12669E-2 2.89949E-2 3.69099E-2 3.4091E-2 3.16074E-2 2.88478E-2 2.63367E-2 2.40669E-2 2.20438E-2 2.02908E-2 1.83007E-2 1.64137E-2 1.48466E-2 1.32681E-2 1.39904E-2 1.24786E-2 1.12675E-2 1.00551E-2 9.2706E-3 8.94173E-3 8.19263E-3 7.45642E-3 6.98967E-3
9.57001E-2 1.00968E-1 9.82885E-2 8.96552E-2 9.75967E-2 9.47157E-2 9.39862E-2 9.80968E-2 9.72323E-2 8.87916E-2 4.14567E-2 3.88607E-2 1.02766E-1 6.86352E-2 6.39088E-2 5.98103E-2 8.99562E-2 8.44745E-2 7.54274E-2 6.885E-2 6.45239E-2 5.88342E-2 5.4883E-2 5.18977E-2 5.54024E-2 9.89123E-2 1.03305E-1 9.89129E-2 1.08017E-1 5.47998E-2 5.32868E-2 4.99386E-2 4.82088E-2 4.57506E-2 4.233E-2 3.96403E-2 3.69434E-2 3.46927E-2 3.24386E-2 2.98068E-2 3.84503E-2 3.53672E-2 3.29104E-2 3.04255E-2 2.79174E-2 2.52127E-2 2.31636E-2 2.10861E-2 1.90317E-2 1.72642E-2 1.54518E-2 1.39955E-2 1.48259E-2 1.32522E-2 1.1803E-2 1.07509E-2 9.92809E-3 9.27253E-3 8.66458E-3 7.93576E-3 7.35747E-3
9.77437E-2 1.0403E-1 1.03841E-1 9.33645E-2 9.92432E-2 9.79028E-2 9.75028E-2 9.87579E-2 1.00433E-1 8.80319E-2 1.57515E-2 5.81462E-3 8.09015E-2 7.30809E-2 6.37578E-2 5.78934E-2 9.99623E-2 8.80291E-2 7.83262E-2 7.14999E-2 6.7054E-2 6.08E-2 5.71715E-2 5.18633E-2 5.11632E-2 5.9129E-2 9.78841E-2 9.49809E-2 1.20002E-1 5.4747E-2 5.26852E-2 4.98017E-2 4.74251E-2 4.57956E-2 4.43447E-2 4.15373E-2 3.87141E-2 3.61325E-2 3.37259E-2 3.11649E-2 4.00267E-2 3.6854E-2 3.42127E-2 3.1534E-2 2.89226E-2 2.61274E-2 2.4083E-2 2.19732E-2 1.97495E-2 1.79567E-2 1.6191E-2 1.47217E-2 1.55483E-2 1.38193E-2 1.24679E-2 1.14146E-2 1.05035E-2 9.66409E-3 9.04029E-3 8.3914E-3 7.73695E-3
9.77371E-2 1.01866E-1 1.12477E-1 9.71881E-2 1.0007E-1 1.00055E-1 1.0185E-1 1.10178E-1 1.16834E-1 9.09902E-2 1.26012E-2 6.51861E-3 5.93085E-2 7.18385E-2 6.32819E-2 5.89405E-2 9.87496E-2 9.2461E-2 8.34686E-2 7.79173E-2 7.13171E-2 6.36712E-2 6.58801E-2 5.33675E-2 5.03929E-2 4.82464E-2 7.78444E-2 9.13715E-2 1.10614E-1 1.16079E-1 5.02976E-2 5.05855E-2 4.83882E-2 4.63227E-2 4.4578E-2 4.33169E-2 4.0549E-2 3.75151E-2 3.46016E-2 3.1173E-2 4.0798E-2 3.7818E-2 3.52532E-2 3.22168E-2 2.92485E-2 2.70095E-2 2.48327E-2 2.25444E-2 2.05953E-2 1.8669E-2 1.68931E-2 1.53521E-2 1.6092E-2 1.44469E-2 1.30531E-2 1.19394E-2 1.10261E-2 1.01406E-2 9.47077E-3 8.80744E-3 8.08664E-3
9.91594E-2 1.01376E-1 1.07273E-1 9.92977E-2 1.02591E-1 1.02041E-1 1.03069E-1 1.13004E-1 1.18254E-1 1.11036E-1 1.75741E-2 5.45141E-3 7.01523E-2 7.69578E-2 6.75612E-2 6.19853E-2 1.0229E-1 9.72511E-2 9.32743E-2 7.73012E-2 7.26734E-2 6.73823E-2 6.73279E-2 5.72633E-2 5.21695E-2 4.83591E-2 5.27854E-2 9.0774E-2 1.04505E-1 1.08349E-1 8.01582E-2 5.0034E-2 4.84593E-2 4.6589E-2 4.45866E-2 4.30972E-2 4.12173E-2 3.85589E-2 3.51649E-2 3.30343E-2 4.23796E-2 3.91973E-2 3.63321E-2 3.2483E-2 2.99101E-2 2.78398E-2 2.55391E-2 2.31988E-2 2.12987E-2 1.93677E-2 1.75432E-2 1.58019E-2 1.66346E-2 1.50687E-2 1.37079E-2 1.25304E-2 1.14553E-2 1.06024E-2 9.87841E-3 9.20234E-3 8.47385E-3
9.70034E-2 1.02067E-1 1.06088E-1 1.03317E-1 1.06112E-1 1.05734E-1 1.06467E-1 1.14195E-1 1.19716E-1 1.14212E-1 3.14949E-2 9.38178E-3 3.21519E-2 8.71973E-2 7.35346E-2 6.32912E-2 1.07166E-1 1.0877E-1 1.03302E-1 8.93452E-2 7.51297E-2 7.2159E-2 6.75072E-2 6.25137E-2 5.34604E-2 4.81328E-2 5.01018E-2 6.07511E-2 1.04752E-1 1.02983E-1 9.62282E-2 5.10251E-2 4.83614E-2 4.66257E-2 4.48002E-2 4.26877E-2 4.06238E-2 3.85593E-2 3.64083E-2 3.40447E-2 4.41948E-2 4.0579E-2 3.74252E-2 3.38695E-2 3.10946E-2 2.84145E-2 2.62115E-2 2.38706E-2 2.17721E-2 2.00021E-2 1.81166E-2 1.62581E-2 1.72267E-2 1.55952E-2 1.42913E-2 1.30862E-2 1.21042E-2 1.11138E-2 1.02734E-2 9.55244E-3 8.82676E-3
9.49843E-2 1.00651E-1 1.10903E-1 1.07531E-1 1.09154E-1 1.08239E-1 1.10687E-1 1.1372E-1 1.18436E-1 1.17717E-1 5.43762E-2 4.05503E-2 2.29014E-2 1.15866E-1 7.66644E-2 6.54167E-2 1.11337E-1 1.30377E-1 1.09289E-1 9.16262E-2 8.34633E-2 7.82024E-2 6.59488E-2 6.12739E-2 5.51868E-2 4.78393E-2 4.72149E-2 4.64149E-2 9.55781E-2 9.69206E-2 1.02705E-1 9.28298E-2 4.82196E-2 4.47384E-2 4.42844E-2 4.125E-2 3.93262E-2 3.83104E-2 3.71886E-2 3.53424E-2 4.57853E-2 4.21849E-2 3.83678E-2 3.51307E-2 3.22134E-2 2.92599E-2 2.66278E-2 2.43776E-2 2.23099E-2 2.04661E-2 1.85222E-2 1.6872E-2 1.7807E-2 1.62142E-2 1.48524E-2 1.36575E-2 1.25584E-2 1.1536E-2 1.06578E-2 9.96235E-3 9.31564E-3
9.22713E-2 1.01716E-1 1.08616E-1 1.05566E-1 1.09872E-1 1.10553E-1 1.10695E-1 1.14338E-1 1.16274E-1 1.15825E-1 1.14855E-1 5.82513E-2 2.7822E-2 7.0594E-2 1.03445E-1 7.845E-2 1.28061E-1 1.30155E-1 1.04719E-1 9.30163E-2 8.62418E-2 7.73039E-2 6.57261E-2 6.09514E-2 5.4153E-2 4.73566E-2 4.51099E-2 4.46172E-2 6.56931E-2 9.5774E-2 9.59072E-2 9.10254E-2 7.68614E-2 4.56595E-2 4.30672E-2 4.08833E-2 3.91311E-2 3.80475E-2 3.69555E-2 3.60367E-2 4.71319E-2 4.36819E-2 3.98966E-2 3.67155E-2 3.34448E-2 2.99308E-2 2.7354E-2 2.52009E-2 2.30548E-2 2.09275E-2 1.89937E-2 1.73985E-2 1.84929E-2 1.68335E-2 1.53234E-2 1.40708E-2 1.30229E-2 1.20156E-2 1.11289E-2 1.04033E-2 9.79026E-3
8.9696E-2 9.85524E-2 1.02451E-1 1.03714E-1 1.06968E-1 1.01954E-1 1.05041E-1 1.1276E-1 1.1604E-1 1.17778E-1 1.36023E-1 1.05302E-1 3.96996E-2 3.675E-2 1.0334E-1 9.06088E-2 1.3253E-1 1.2559E-1 1.04843E-1 9.47725E-2 8.40576E-2 7.49469E-2 6.44856E-2 5.85896E-2 5.39048E-2 5.21271E-2 4.58454E-2 4.37252E-2 7.48417E-2 9.27572E-2 9.46666E-2 9.53182E-2 9.41586E-2 5.99802E-2 4.22304E-2 4.08119E-2 3.93084E-2 3.81285E-2 3.6944E-2 3.61142E-2 4.84272E-2 4.47166E-2 4.11264E-2 3.78359E-2 3.4183E-2 3.07489E-2 2.80609E-2 2.57266E-2 2.36453E-2 2.13282E-2 1.94932E-2 1.78516E-2 1.90732E-2 1.73999E-2 1.59116E-2 1.45706E-2 1.34608E-2 1.25092E-2 1.1705E-2 1.09345E-2 1.02073E-2
8.689E-2 9.26417E-2 1.09258E-1 1.00293E-1 1.07057E-1 1.00426E-1 1.04182E-1 1.08282E-1 1.16346E-1 1.23025E-1 1.31822E-1 1.29407E-1 7.0889E-2 3.54908E-2 4.1187E-2 1.13449E-1 1.5431E-1 1.25271E-1 1.03154E-1 9.44896E-2 8.21943E-2 7.46286E-2 6.93146E-2 6.00449E-2 5.55322E-2 5.00103E-2 4.49517E-2 4.32554E-2 5.25118E-2 8.10742E-2 9.27055E-2 9.49112E-2 8.32662E-2 9.07092E-2 4.10711E-2 4.12745E-2 3.92399E-2 3.79678E-2 3.65991E-2 3.52692E-2 4.6939E-2 4.45293E-2 4.13282E-2 3.86097E-2 3.49421E-2 3.14157E-2 2.8568E-2 2.62785E-2 2.41648E-2 2.19447E-2 1.99096E-2 1.83476E-2 1.95638E-2 1.79811E-2 1.64047E-2 1.4999E-2 1.39223E-2 1.29813E-2 1.22266E-2 1.14086E-2 1.06822E-2
7.02406E-2 7.34364E-2 7.62055E-2 7.72623E-2 6.47032E-2 6.0272E-2 6.14924E-2 6.57124E-2 7.0011E-2 7.70749E-2 8.50488E-2 8.8168E-2 7.03888E-2 3.20983E-2 6.9006E-3 2.8577E-2 1.81655E-1 1.29032E-1 1.00655E-1 8.35592E-2 7.51309E-2 6.98248E-2 6.39563E-2 5.66575E-2 4.86563E-2 4.37754E-2 3.97144E-2 3.84361E-2 5.76475E-2 8.65176E-2 9.37137E-2 1.0146E-1 8.84597E-2 8.83273E-2 4.61608E-2 4.47278E-2 4.30038E-2 4.06696E-2 3.84152E-2 3.70524E-2 6.03339E-2 5.73593E-2 5.51545E-2 5.12967E-2 4.73415E-2 4.32554E-2 3.90756E-2 3.58803E-2 3.27196E-2 2.9715E-2 2.69848E-2 2.48585E-2 2.36661E-2 2.17663E-2 1.99927E-2 1.84412E-2 1.69878E-2 1.58472E-2 1.486E-2 1.39698E-2 1.30677E-2
6.72061E-2 6.96657E-2 7.42813E-2 8.00332E-2 6.70809E-2 6.1255E-2 6.40875E-2 7.06589E-2 7.17328E-2 8.06467E-2 8.42875E-2 7.97685E-2 6.70768E-2 2.51355E-2 3.22941E-3 9.98195E-3 1.854E-1 1.27965E-1 1.0948E-1 8.84671E-2 7.63387E-2 7.21907E-2 6.4569E-2 5.63163E-2 4.75882E-2 4.30912E-2 3.95723E-2 3.91513E-2 5.69195E-2 6.04052E-2 6.68804E-2 9.05721E-2 8.4472E-2 8.8868E-2 7.5986E-2 4.24115E-2 4.13652E-2 3.94725E-2 3.70312E-2 3.58411E-2 5.85042E-2 5.70941E-2 5.43854E-2 5.09899E-2 4.67746E-2 4.34816E-2 3.97984E-2 3.6687E-2 3.35746E-2 3.03398E-2 2.76806E-2 2.56574E-2 2.42418E-2 2.23841E-2 2.07658E-2 1.91342E-2 1.76506E-2 1.63986E-2 1.54673E-2 1.45931E-2 1.36376E-2
6.5304E-2 6.86259E-2 6.87587E-2 7.41058E-2 8.09392E-2 6.20908E-2 6.16418E-2 6.81174E-2 7.33755E-2 8.20989E-2 8.078E-2 7.75305E-2 4.39274E-2 1.21116E-2 3.64894E-3 3.49378E-2 1.75541E-1 1.24006E-1 1.02653E-1 8.9255E-2 7.61571E-2 6.97038E-2 6.25506E-2 5.53854E-2 4.97157E-2 4.26709E-2 3.94753E-2 3.82578E-2 5.74945E-2 5.53212E-2 5.79744E-2 7.22764E-2 9.1372E-2 8.91531E-2 7.25396E-2 4.17174E-2 3.9328E-2 3.79296E-2 3.60802E-2 3.47544E-2 5.86709E-2 5.65375E-2 5.20014E-2 4.97527E-2 4.6978E-2 4.34258E-2 3.95151E-2 3.69105E-2 3.47926E-2 3.14444E-2 2.86411E-2 2.63802E-2 2.5026E-2 2.30998E-2 2.11556E-2 1.97067E-2 1.83622E-2 1.70708E-2 1.60368E-2 1.51332E-2 1.41916E-2
6.57461E-2 6.62304E-2 6.54211E-2 7.0081E-2 6.82349E-2 6.145E-2 5.92719E-2 6.33723E-2 7.77916E-2 7.98771E-2 8.04023E-2 7.64185E-2 4.1732E-2 1.76026E-2 7.73942E-3 4.42765E-2 1.87307E-1 1.32724E-1 9.95154E-2 9.1856E-2 7.4057E-2 6.80028E-2 6.08424E-2 5.52989E-2 4.96669E-2 4.48072E-2 3.9529E-2 3.74203E-2 5.49719E-2 5.5875E-2 6.45757E-2 6.1199E-2 7.71987E-2 8.02866E-2 7.58069E-2 4.38148E-2 3.80839E-2 3.64128E-2 3.47757E-2 3.35545E-2 5.7359E-2 5.39436E-2 5.06327E-2 4.86259E-2 4.64635E-2 4.33332E-2 4.03577E-2 3.7663E-2 3.48711E-2 3.15613E-2 2.95634E-2 2.73085E-2 2.56618E-2 2.36085E-2 2.15617E-2 2.01211E-2 1.88152E-2 1.76994E-2 1.66358E-2 1.56907E-2 1.47567E-2
6.3205E-2 6.79499E-2 6.5224E-2 6.71242E-2 6.00386E-2 7.59429E-2 5.79822E-2 6.25482E-2 7.55772E-2 6.76025E-2 7.6174E-2 7.55805E-2 4.53253E-2 2.2897E-2 6.75067E-3 3.68084E-2 1.77718E-1 1.68505E-1 9.86495E-2 9.4629E-2 7.3699E-2 6.72279E-2 6.03324E-2 5.38093E-2 4.86044E-2 4.3734E-2 3.89194E-2 3.6108E-2 5.46912E-2 5.30199E-2 5.65171E-2 6.33791E-2 6.9118E-2 7.1289E-2 6.73236E-2 4.26594E-2 3.98986E-2 3.54299E-2 3.34144E-2 3.32707E-2 5.48867E-2 5.18452E-2 5.0605E-2 4.80624E-2 4.51683E-2 4.30896E-2 4.03964E-2 3.78538E-2 3.40308E-2 3.13675E-2 2.93857E-2 2.72261E-2 2.59997E-2 2.39978E-2 2.2262E-2 2.07234E-2 1.94483E-2 1.81855E-2 1.69931E-2 1.597E-2 1.49386E-2
7.37283E-2 6.77384E-2 6.44326E-2 6.4061E-2 5.57578E-2 6.56952E-2 5.78286E-2 5.95318E-2 7.29349E-2 7.4781E-2 7.35838E-2 7.22176E-2 4.95472E-2 2.8758E-2 1.10004E-2 3.97583E-2 1.62574E-1 1.79259E-1 1.0561E-1 8.71886E-2 7.27396E-2 6.49018E-2 5.95242E-2 5.27875E-2 4.7789E-2 4.27625E-2 3.79601E-2 3.66145E-2 5.33311E-2 4.98573E-2 5.21767E-2 5.86593E-2 6.05545E-2 6.46768E-2 6.55764E-2 3.82886E-2 3.86991E-2 3.48984E-2 3.26636E-2 3.33815E-2 5.41858E-2 5.21058E-2 5.00984E-2 4.8865E-2 4.58448E-2 4.2416E-2 4.02742E-2 3.68656E-2 3.37677E-2 3.1575E-2 2.95812E-2 2.72462E-2 2.58896E-2 2.42863E-2 2.26743E-2 2.10488E-2 1.96456E-2 1.8335E-2 1.70172E-2 1.59069E-2 1.49323E-2
8.37064E-2 6.99081E-2 6.75428E-2 6.24656E-2 5.14263E-2 5.4786E-2 5.53487E-2 6.13775E-2 6.62008E-2 7.13987E-2 7.77327E-2 7.22578E-2 6.14709E-2 4.61117E-2 1.58919E-2 3.55926E-2 1.68375E-1 1.62115E-1 1.06254E-1 8.79074E-2 7.63986E-2 6.24705E-2 5.78955E-2 5.17469E-2 4.72231E-2 4.24804E-2 3.78812E-2 3.48946E-2 5.14021E-2 5.01398E-2 5.1137E-2 5.39723E-2 5.73501E-2 5.66272E-2 6.91024E-2 3.44002E-2 3.73191E-2 3.49773E-2 3.38974E-2 3.31278E-2 5.33257E-2 5.02617E-2 4.76467E-2 4.46932E-2 4.36386E-2 4.19524E-2 3.94388E-2 3.67148E-2 3.39454E-2 3.1692E-2 2.96004E-2 2.73033E-2 2.63014E-2 2.46234E-2 2.29455E-2 2.13619E-2 1.98448E-2 1.84975E-2 1.70537E-2 1.58768E-2 1.48827E-2
5.69315E-2 7.3916E-2 7.04717E-2 6.56358E-2 5.03461E-2 4.47343E-2 6.9596E-2 5.38426E-2 5.81962E-2 7.09364E-2 6.41866E-2 7.03721E-2 5.82192E-2 4.52014E-2 2.15338E-2 4.33064E-2 1.5119E-1 1.57095E-1 1.57542E-1 8.57116E-2 7.78588E-2 6.4212E-2 5.61231E-2 5.15731E-2 4.67863E-2 4.25203E-2 3.88065E-2 3.45598E-2 4.8582E-2 5.06698E-2 4.87083E-2 5.09483E-2 4.6581E-2 4.97905E-2 5.50928E-2 4.29821E-2 3.63754E-2 3.53846E-2 3.41036E-2 3.20655E-2 5.04638E-2 4.64568E-2 4.49798E-2 4.35429E-2 4.20275E-2 4.04055E-2 3.84067E-2 3.58225E-2 3.38248E-2 3.16513E-2 2.94686E-2 2.70909E-2 2.6408E-2 2.45876E-2 2.29323E-2 2.14577E-2 1.98134E-2 1.84081E-2 1.70348E-2 1.58909E-2 1.48652E-2
6.54297E-2 7.53555E-2 6.85276E-2 6.76487E-2 5.17428E-2 4.16922E-2 5.88903E-2 5.14204E-2 4.96133E-2 6.70598E-2 7.20652E-2 7.30702E-2 5.75231E-2 5.24915E-2 2.46036E-2 5.47124E-2 1.57073E-1 1.53554E-1 1.60812E-1 8.77168E-2 7.56034E-2 6.61861E-2 5.50887E-2 5.13088E-2 4.6994E-2 4.31333E-2 3.77943E-2 3.52953E-2 4.87979E-2 4.59646E-2 4.53051E-2 4.29982E-2 4.24451E-2 4.46632E-2 4.49538E-2 5.05702E-2 3.12418E-2 3.46735E-2 3.26272E-2 3.10057E-2 4.93077E-2 4.76813E-2 4.56356E-2 4.37337E-2 4.16025E-2 4.05763E-2 3.89508E-2 3.6428E-2 3.33028E-2 3.11197E-2 2.90316E-2 2.7072E-2 2.64299E-2 2.46276E-2 2.29256E-2 2.14543E-2 1.99629E-2 1.84482E-2 1.70962E-2 1.60028E-2 1.48404E-2
8.69836E-2 5.0383E-2 8.88508E-2 6.88662E-2 5.30182E-2 4.39144E-2 5.47594E-2 5.09633E-2 4.85727E-2 5.81556E-2 6.30199E-2 7.5272E-2 6.16997E-2 4.83659E-2 3.43854E-2 6.43599E-2 1.70537E-1 1.15816E-1 1.58275E-1 9.68822E-2 7.55576E-2 6.74959E-2 5.78875E-2 5.05736E-2 4.74914E-2 4.27432E-2 3.89233E-2 3.49908E-2 5.14584E-2 4.67999E-2 4.26685E-2 4.08381E-2 3.98271E-2 3.76902E-2 3.98515E-2 4.43636E-2 4.46523E-2 3.25167E-2 3.1646E-2 3.05563E-2 5.00706E-2 4.82444E-2 4.64474E-2 4.41832E-2 4.20346E-2 3.98337E-2 3.83673E-2 3.56467E-2 3.30124E-2 3.08968E-2 2.89648E-2 2.69941E-2 2.60497E-2 2.43598E-2 2.27721E-2 2.12101E-2 1.97627E-2 1.82277E-2 1.70643E-2 1.6019E-2 1.49067E-2
7.95287E-2 6.35747E-2 7.59959E-2 6.82061E-2 5.28676E-2 4.51325E-2 4.32214E-2 4.31286E-2 4.73674E-2 5.35334E-2 6.10701E-2 6.11846E-2 6.46617E-2 4.73435E-2 6.06661E-2 6.69248E-2 1.76815E-1 1.50367E-1 1.45168E-1 1.08504E-1 7.74098E-2 6.82321E-2 6.16011E-2 5.28898E-2 4.73396E-2 4.34387E-2 3.89584E-2 3.61055E-2 5.17915E-2 4.70857E-2 4.38126E-2 3.95533E-2 3.64666E-2 3.60113E-2 3.70359E-2 3.87955E-2 4.84674E-2 3.18185E-2 3.23706E-2 3.15266E-2 5.0865E-2 4.80272E-2 4.56836E-2 4.26446E-2 4.03687E-2 3.9239E-2 3.80314E-2 3.56422E-2 3.34942E-2 3.06509E-2 2.87416E-2 2.69403E-2 2.62328E-2 2.44369E-2 2.27076E-2 2.11657E-2 1.97133E-2 1.82662E-2 1.70343E-2 1.60081E-2 1.49812E-2
