RStudio/Xiphophorus/MaxEnt Models/Xiphophorus pygmaeus/Xiphophorus_pygmaeus.asc
ncols         432
nrows         590
xllcorner     -101.36634685401
yllcorner     19.040437502918
cellsize      0.008333332798
NODATA_value  -9999
[rows 297 to 323 of 590, columns 366 to 426 of 432]
3.94084E-3 3.90505E-3 3.72513E-3 3.89584E-3 4.02467E-3 4.22554E-3 4.29894E-3 4.0857E-3 4.39401E-3 4.25024E-3 4.01878E-3 4.03266E-3 4.26239E-3 3.91999E-3 3.89937E-3 3.9876E-3 4.06229E-3 4.06455E-3 4.04105E-3 3.92166E-3 3.70903E-3 3.61388E-3 3.50885E-3 3.54296E-3 3.5864E-3 3.44053E-3 3.55085E-3 3.4993E-3 3.54816E-3 3.45876E-3 3.41036E-3 3.38595E-3 3.46122E-3 3.42413E-3 3.4537E-3 3.73942E-3 4.05106E-3 4.43745E-3 5.09746E-3 5.3645E-3 5.67688E-3 6.09064E-3 6.4317E-3 6.58871E-3 7.12342E-3 -9999 -9999 -9999 -9999 -9999 -9999 -9999 -9999 -9999 -9999 -9999 -9999 -9999 -9999 -9999 -9999
4.04355E-3 3.97412E-3 3.86992E-3 3.97812E-3 4.09027E-3 4.06069E-3 4.49385E-3 4.21949E-3 4.30889E-3 4.28645E-3 4.08384E-3 4.14844E-3 4.0547E-3 3.99188E-3 4.00286E-3 4.04592E-3 4.11487E-3 4.03568E-3 4.00605E-3 3.87029E-3 3.75691E-3 3.56031E-3 3.63864E-3 3.60569E-3 3.57369E-3 3.52112E-3 3.60161E-3 3.60194E-3 3.54398E-3 3.46008E-3 3.48753E-3 3.40159E-3 3.41497E-3 3.52427E-3 3.67737E-3 3.89911E-3 4.29223E-3 4.57452E-3 5.26843E-3 5.59598E-3 6.06579E-3 6.44039E-3 6.71148E-3 6.9521E-3 7.32132E-3 -9999 -9999 -9999 -9999 -9999 -9999 -9999 -9999 -9999 -9999 -9999 -9999 -9999 -9999 -9999 -9999
2.07852E-3 2.13887E-3 4.00531E-3 3.99344E-3 3.93039E-3 3.98941E-3 4.07765E-3 4.5131E-3 4.33287E-3 4.37431E-3 4.18207E-3 4.42825E-3 4.22425E-3 4.19731E-3 4.08589E-3 4.09878E-3 4.11671E-3 4.01495E-3 3.93816E-3 3.87646E-3 3.7907E-3 3.66837E-3 3.67579E-3 3.59235E-3 3.5181E-3 3.47027E-3 3.61042E-3 3.6563E-3 3.60445E-3 3.40907E-3 3.42618E-3 3.48508E-3 3.48803E-3 3.71459E-3 3.82548E-3 4.15152E-3 4.43253E-3 4.74185E-3 5.45034E-3 5.85259E-3 6.284E-3 6.7012E-3 7.06462E-3 7.26407E-3 7.6731E-3 -9999 -9999 -9999 -9999 -9999 -9999 -9999 -9999 -9999 -9999 -9999 -9999 -9999 -9999 -9999 -9999
2.12745E-3 2.13907E-3 2.11736E-3 2.13694E-3 3.97578E-3 3.94558E-3 4.14625E-3 4.37905E-3 4.34309E-3 4.33664E-3 4.4967E-3 4.49474E-3 4.20358E-3 4.33131E-3 4.19385E-3 4.23036E-3 4.1382E-3 3.9869E-3 3.90514E-3 3.88498E-3 3.72113E-3 3.74329E-3 3.69672E-3 3.62659E-3 3.58534E-3 3.4717E-3 3.56311E-3 3.55728E-3 3.42989E-3 3.42758E-3 3.45135E-3 3.34376E-3 3.62348E-3 3.78514E-3 4.06133E-3 4.3196E-3 4.6096E-3 4.85333E-3 5.74035E-3 6.04572E-3 6.46497E-3 6.9615E-3 7.40679E-3 7.58234E-3 8.17969E-3 8.77203E-3 -9999 -9999 -9999 -9999 -9999 -9999 -9999 -9999 -9999 -9999 -9999 -9999 -9999 -9999 -9999
2.06306E-3 2.0752E-3 2.02294E-3 2.10135E-3 2.14404E-3 2.15816E-3 4.0812E-3 4.31692E-3 4.26097E-3 4.54591E-3 4.56382E-3 4.23167E-3 4.19001E-3 4.25452E-3 4.25155E-3 4.23794E-3 4.12291E-3 4.00951E-3 3.83697E-3 3.88614E-3 3.7644E-3 3.85686E-3 3.66323E-3 3.65757E-3 3.51728E-3 3.47895E-3 3.66188E-3 3.56622E-3 3.54113E-3 3.55215E-3 3.54614E-3 3.48258E-3 3.85417E-3 4.0694E-3 4.27877E-3 4.56728E-3 4.88996E-3 5.14613E-3 6.00324E-3 6.28104E-3 6.78807E-3 7.07447E-3 7.55708E-3 8.35324E-3 8.79789E-3 9.09003E-3 -9999 -9999 -9999 -9999 -9999 -9999 -9999 -9999 -9999 -9999 -9999 -9999 -9999 -9999 -9999
2.05606E-3 2.10406E-3 2.01116E-3 2.05768E-3 2.12549E-3 2.18171E-3 2.19528E-3 2.2212E-3 4.44995E-3 4.79113E-3 4.61381E-3 4.33553E-3 4.28486E-3 4.35229E-3 4.28992E-3 4.18942E-3 4.1937E-3 4.01926E-3 4.14544E-3 3.99533E-3 4.07446E-3 3.72493E-3 3.67092E-3 3.63293E-3 3.58224E-3 3.54624E-3 3.76298E-3 3.64205E-3 3.58881E-3 3.60749E-3 3.53736E-3 3.69854E-3 3.96274E-3 4.19535E-3 4.47037E-3 4.76466E-3 5.10309E-3 5.3111E-3 6.21332E-3 6.57208E-3 7.19643E-3 7.42368E-3 7.92167E-3 8.5604E-3 9.10984E-3 9.68465E-3 -9999 -9999 -9999 -9999 -9999 -9999 -9999 -9999 -9999 -9999 -9999 -9999 -9999 -9999 -9999
2.11792E-3 2.0471E-3 2.06538E-3 2.13052E-3 2.15321E-3 2.25818E-3 2.26087E-3 2.30838E-3 2.40523E-3 4.89807E-3 4.61054E-3 4.44954E-3 4.38542E-3 4.41038E-3 4.35353E-3 4.23406E-3 4.08699E-3 4.02961E-3 3.89575E-3 3.90711E-3 3.75957E-3 3.72256E-3 3.6986E-3 3.60572E-3 3.60731E-3 3.63088E-3 3.85377E-3 3.75341E-3 3.63494E-3 3.61696E-3 3.6731E-3 3.94098E-3 4.25236E-3 4.39361E-3 4.57197E-3 4.9999E-3 5.26506E-3 5.44601E-3 6.55042E-3 7.02061E-3 7.51385E-3 7.87797E-3 8.26425E-3 8.88434E-3 9.37075E-3 1.00529E-2 -9999 -9999 -9999 -9999 -9999 -9999 -9999 -9999 -9999 -9999 -9999 -9999 -9999 -9999 -9999
2.17907E-3 2.18306E-3 2.0348E-3 2.12316E-3 2.18766E-3 2.22258E-3 2.39067E-3 2.40965E-3 2.56088E-3 2.60765E-3 2.37174E-3 2.37528E-3 4.56275E-3 4.57209E-3 4.40542E-3 4.21145E-3 3.97675E-3 3.89877E-3 4.14651E-3 3.90476E-3 3.84719E-3 3.71755E-3 3.77567E-3 3.67914E-3 3.65762E-3 3.64556E-3 3.89014E-3 3.71472E-3 3.74098E-3 3.7439E-3 3.85931E-3 4.0588E-3 4.39812E-3 4.67749E-3 4.85538E-3 5.15502E-3 5.4535E-3 5.91112E-3 7.00777E-3 7.34233E-3 7.6856E-3 8.20526E-3 8.68103E-3 9.12944E-3 9.70033E-3 -9999 -9999 -9999 -9999 -9999 -9999 -9999 -9999 -9999 -9999 -9999 -9999 -9999 -9999 -9999 -9999
2.0937E-3 2.22225E-3 2.11151E-3 2.17553E-3 2.20758E-3 2.26628E-3 2.27897E-3 2.39403E-3 2.55932E-3 2.57318E-3 2.51305E-3 2.56094E-3 2.53404E-3 2.4667E-3 4.34449E-3 4.28121E-3 4.15939E-3 4.27785E-3 4.15799E-3 4.33595E-3 3.95664E-3 3.78441E-3 3.87032E-3 3.85593E-3 3.72948E-3 3.62286E-3 3.7787E-3 3.73304E-3 3.70498E-3 3.81101E-3 4.09485E-3 4.3352E-3 4.51218E-3 4.78402E-3 4.9118E-3 5.30287E-3 5.64407E-3 6.10147E-3 7.12136E-3 7.71211E-3 8.08242E-3 8.50549E-3 8.89507E-3 9.59704E-3 1.09607E-2 -9999 -9999 -9999 -9999 -9999 -9999 -9999 -9999 -9999 -9999 -9999 -9999 -9999 -9999 -9999 -9999
1.91057E-3 2.12702E-3 2.16194E-3 2.20754E-3 2.28271E-3 2.34231E-3 2.37115E-3 2.37718E-3 2.3946E-3 2.41182E-3 2.67754E-3 2.64042E-3 2.5545E-3 2.47942E-3 2.26097E-3 4.48278E-3 4.55296E-3 4.24741E-3 3.90331E-3 4.23277E-3 4.12137E-3 3.79242E-3 3.777E-3 3.82073E-3 3.81147E-3 3.72184E-3 3.87447E-3 3.8645E-3 3.84538E-3 4.11538E-3 4.30093E-3 4.51138E-3 4.67033E-3 5.05322E-3 5.17928E-3 5.3673E-3 5.8622E-3 6.20346E-3 7.333E-3 8.0243E-3 8.30405E-3 8.79835E-3 9.32524E-3 9.87587E-3 1.05199E-2 1.09589E-2 -9999 -9999 -9999 -9999 -9999 -9999 -9999 -9999 -9999 -9999 -9999 -9999 -9999 -9999 -9999
2.04364E-3 2.14019E-3 1.93265E-3 1.9086E-3 1.91164E-3 2.01762E-3 2.10469E-3 2.11233E-3 2.05481E-3 2.11748E-3 2.34161E-3 2.3391E-3 2.22296E-3 2.14159E-3 2.05499E-3 2.00076E-3 1.96972E-3 3.56174E-3 3.49043E-3 3.37528E-3 3.49507E-3 3.33048E-3 3.23641E-3 3.3077E-3 3.24558E-3 3.1949E-3 3.59741E-3 3.69327E-3 3.69716E-3 3.93901E-3 4.2258E-3 4.39528E-3 4.53783E-3 4.84011E-3 4.87432E-3 5.37309E-3 5.67534E-3 5.89313E-3 7.09168E-3 7.43467E-3 8.23041E-3 8.54114E-3 9.13086E-3 9.7177E-3 1.0235E-2 1.06547E-2 -9999 -9999 -9999 -9999 -9999 -9999 -9999 -9999 -9999 -9999 -9999 -9999 -9999 -9999 -9999
2.01337E-3 2.15289E-3 1.92493E-3 1.99969E-3 2.01483E-3 2.08954E-3 2.10191E-3 2.08873E-3 2.04666E-3 2.01962E-3 1.90799E-3 2.19406E-3 2.27498E-3 2.16882E-3 2.12023E-3 2.02256E-3 1.92608E-3 2.02549E-3 1.90704E-3 3.44841E-3 3.44174E-3 3.50185E-3 3.38915E-3 3.44988E-3 3.41323E-3 3.32741E-3 3.70187E-3 3.59084E-3 3.7706E-3 3.98685E-3 4.25538E-3 4.52561E-3 4.78719E-3 4.99538E-3 5.31191E-3 5.43844E-3 5.94374E-3 6.541E-3 8.03714E-3 8.28504E-3 8.42138E-3 9.03188E-3 9.34101E-3 9.95469E-3 1.05546E-2 1.07103E-2 1.10557E-2 -9999 -9999 -9999 -9999 -9999 -9999 -9999 -9999 -9999 -9999 -9999 -9999 -9999 -9999
2.10825E-3 2.17434E-3 1.92579E-3 1.94931E-3 1.8767E-3 1.90042E-3 1.90161E-3 2.08532E-3 2.08206E-3 2.1251E-3 1.85099E-3 1.99539E-3 2.06408E-3 2.18433E-3 2.10221E-3 1.97835E-3 1.93978E-3 1.95834E-3 1.89284E-3 1.84827E-3 1.8675E-3 3.5828E-3 3.52211E-3 3.47273E-3 3.43029E-3 3.32743E-3 3.81072E-3 3.72454E-3 3.9285E-3 4.10989E-3 4.33296E-3 4.64555E-3 4.89131E-3 5.30556E-3 5.45727E-3 5.67539E-3 6.17134E-3 6.49379E-3 8.36949E-3 8.76497E-3 8.34658E-3 9.10649E-3 9.75272E-3 1.02565E-2 1.06458E-2 1.09318E-2 1.11275E-2 1.13468E-2 -9999 -9999 -9999 -9999 -9999 -9999 -9999 -9999 -9999 -9999 -9999 -9999 -9999
2.14431E-3 2.21234E-3 1.9707E-3 1.99534E-3 1.91753E-3 1.89125E-3 1.8942E-3 2.06462E-3 2.04254E-3 1.94809E-3 1.97152E-3 1.97938E-3 1.89113E-3 2.02911E-3 1.96721E-3 1.97709E-3 2.10458E-3 1.94845E-3 1.8675E-3 1.84849E-3 1.9324E-3 1.96459E-3 3.64291E-3 3.51327E-3 3.40052E-3 3.4299E-3 3.91537E-3 3.80189E-3 4.04514E-3 4.27622E-3 4.44121E-3 4.63142E-3 5.18246E-3 5.30895E-3 5.58569E-3 5.75517E-3 6.34986E-3 6.71736E-3 7.80955E-3 9.03926E-3 9.70259E-3 9.0526E-3 9.96438E-3 1.02436E-2 1.04663E-2 1.0853E-2 1.10309E-2 1.12907E-2 -9999 -9999 -9999 -9999 -9999 -9999 -9999 -9999 -9999 -9999 -9999 -9999 -9999
2.3136E-3 2.34571E-3 2.06519E-3 2.0527E-3 1.9844E-3 1.87557E-3 1.87409E-3 1.94323E-3 1.86464E-3 1.84557E-3 1.90802E-3 1.95267E-3 1.89562E-3 2.06237E-3 2.04179E-3 2.08933E-3 2.04594E-3 2.0576E-3 1.96046E-3 1.96934E-3 1.98707E-3 1.96476E-3 1.9351E-3 1.87117E-3 3.44433E-3 3.41007E-3 3.67093E-3 3.75176E-3 4.11878E-3 4.1862E-3 4.62322E-3 4.8746E-3 5.21962E-3 5.5121E-3 5.85215E-3 6.22399E-3 6.48128E-3 6.72051E-3 8.27906E-3 9.23895E-3 9.8309E-3 9.90223E-3 1.03109E-2 1.02326E-2 1.04451E-2 1.13295E-2 1.10772E-2 1.16291E-2 1.17485E-2 -9999 -9999 -9999 -9999 -9999 -9999 -9999 -9999 -9999 -9999 -9999 -9999
2.47359E-3 2.49798E-3 2.09231E-3 2.02597E-3 1.89459E-3 1.79073E-3 1.75916E-3 1.80166E-3 1.77942E-3 1.89573E-3 1.97313E-3 1.94195E-3 1.97717E-3 2.14839E-3 2.02549E-3 1.97599E-3 1.96009E-3 1.93245E-3 1.89072E-3 1.86437E-3 1.965E-3 1.97242E-3 1.96509E-3 1.92217E-3 1.80843E-3 3.33802E-3 3.7082E-3 4.03636E-3 4.29004E-3 4.43212E-3 4.71291E-3 5.05505E-3 5.40523E-3 5.68619E-3 5.9998E-3 6.42123E-3 6.27209E-3 6.8351E-3 9.21263E-3 9.5523E-3 1.03939E-2 1.08164E-2 1.14383E-2 1.03312E-2 1.10675E-2 1.12729E-2 1.18179E-2 1.20488E-2 1.21349E-2 -9999 -9999 -9999 -9999 -9999 -9999 -9999 -9999 -9999 -9999 -9999 -9999
2.29109E-3 2.37327E-3 2.07548E-3 1.9378E-3 1.78355E-3 1.66562E-3 1.67033E-3 1.76886E-3 2.00976E-3 1.85308E-3 1.9595E-3 2.04939E-3 2.04222E-3 2.12062E-3 2.05306E-3 2.06831E-3 2.00446E-3 1.94163E-3 1.93157E-3 1.86417E-3 1.95453E-3 2.00124E-3 1.99459E-3 1.9685E-3 1.87906E-3 1.85639E-3 3.92237E-3 4.213E-3 4.50848E-3 4.71988E-3 5.03212E-3 5.28398E-3 5.55576E-3 5.84798E-3 6.17578E-3 6.57712E-3 6.60337E-3 7.02865E-3 9.28673E-3 9.68874E-3 1.05722E-2 1.06908E-2 1.19003E-2 1.1031E-2 1.15581E-2 1.20566E-2 1.23701E-2 1.23815E-2 1.24076E-2 -9999 -9999 -9999 -9999 -9999 -9999 -9999 -9999 -9999 -9999 -9999 -9999
2.11668E-3 2.30259E-3 2.0288E-3 1.94925E-3 1.79303E-3 1.72286E-3 1.72898E-3 1.7216E-3 1.72245E-3 1.6529E-3 1.81741E-3 2.01648E-3 2.20767E-3 2.26264E-3 2.18986E-3 2.1316E-3 2.12164E-3 1.99462E-3 1.92687E-3 2.01793E-3 2.03577E-3 1.98951E-3 2.02116E-3 1.9347E-3 1.89769E-3 1.86191E-3 2.30496E-3 4.41337E-3 4.63851E-3 4.93641E-3 5.2665E-3 5.54273E-3 5.84181E-3 6.02784E-3 6.34978E-3 6.76263E-3 6.77616E-3 7.14102E-3 9.00176E-3 9.97756E-3 1.0627E-2 1.12458E-2 1.13018E-2 1.18461E-2 1.12786E-2 1.23925E-2 1.2603E-2 1.26152E-2 1.28724E-2 1.34417E-2 -9999 -9999 -9999 -9999 -9999 -9999 -9999 -9999 -9999 -9999 -9999
3.0945E-3 2.3479E-3 2.06177E-3 1.91823E-3 1.8276E-3 1.79047E-3 1.79267E-3 1.77332E-3 1.78863E-3 1.71981E-3 1.92861E-3 2.09361E-3 2.20283E-3 2.3148E-3 2.20079E-3 2.16832E-3 2.17398E-3 2.15509E-3 2.08548E-3 2.13006E-3 2.0825E-3 2.04356E-3 1.88583E-3 1.9583E-3 1.78105E-3 1.86784E-3 2.32096E-3 2.48638E-3 2.66007E-3 5.20032E-3 5.36233E-3 5.62847E-3 5.99967E-3 6.2446E-3 6.54196E-3 6.89119E-3 7.04947E-3 7.20497E-3 8.94548E-3 9.84466E-3 1.11742E-2 1.15063E-2 1.24481E-2 1.3262E-2 1.15529E-2 1.30876E-2 1.31934E-2 1.31202E-2 1.32766E-2 1.35076E-2 -9999 -9999 -9999 -9999 -9999 -9999 -9999 -9999 -9999 -9999 -9999
2.12363E-3 2.43522E-3 2.16286E-3 2.02773E-3 1.87902E-3 1.81591E-3 1.76192E-3 1.96845E-3 1.87893E-3 1.77111E-3 1.88738E-3 2.10469E-3 2.2235E-3 2.2922E-3 2.27722E-3 2.24474E-3 2.25058E-3 2.24651E-3 2.20699E-3 2.20843E-3 2.1309E-3 2.05321E-3 1.97555E-3 1.83776E-3 1.99486E-3 2.29934E-3 2.42638E-3 2.58799E-3 2.67558E-3 2.88219E-3 5.58691E-3 5.72846E-3 6.16017E-3 6.42908E-3 6.70339E-3 7.22904E-3 7.28234E-3 7.52697E-3 8.97092E-3 9.68892E-3 1.01607E-2 1.13827E-2 1.17531E-2 1.20225E-2 1.18638E-2 1.27297E-2 1.381E-2 1.36795E-2 1.35859E-2 1.43807E-2 1.80484E-2 -9999 -9999 -9999 -9999 -9999 -9999 -9999 -9999 -9999 -9999
2.30571E-3 2.58721E-3 2.2639E-3 1.91404E-3 1.89032E-3 1.86925E-3 1.99364E-3 2.11659E-3 1.98115E-3 1.75844E-3 2.04431E-3 1.88139E-3 2.27883E-3 2.37221E-3 2.37757E-3 2.36898E-3 2.33189E-3 2.30928E-3 2.26568E-3 2.20591E-3 2.17132E-3 2.02552E-3 2.01183E-3 1.96104E-3 1.97483E-3 2.13309E-3 2.60646E-3 2.63412E-3 2.74153E-3 2.97146E-3 3.10973E-3 5.97321E-3 6.43842E-3 6.56819E-3 6.92436E-3 7.42966E-3 7.73532E-3 7.87504E-3 9.1431E-3 9.76073E-3 1.02959E-2 1.05484E-2 1.13898E-2 1.19309E-2 1.218E-2 1.22724E-2 1.40445E-2 1.46191E-2 1.48475E-2 1.61503E-2 2.60436E-2 -9999 -9999 -9999 -9999 -9999 -9999 -9999 -9999 -9999 -9999
2.54042E-3 2.77188E-3 2.34799E-3 2.08221E-3 1.97238E-3 2.08315E-3 2.15939E-3 2.15923E-3 1.96002E-3 1.8916E-3 1.69E-3 1.95584E-3 2.22034E-3 2.37195E-3 2.43399E-3 2.47413E-3 2.41281E-3 2.35582E-3 2.32258E-3 2.27978E-3 2.20874E-3 2.06786E-3 1.92339E-3 2.04141E-3 2.40121E-3 2.29821E-3 2.7387E-3 2.83779E-3 2.87021E-3 3.08358E-3 3.2066E-3 3.36032E-3 3.55129E-3 6.78027E-3 7.29313E-3 7.56318E-3 7.98924E-3 8.35402E-3 9.70959E-3 1.03075E-2 1.04544E-2 1.08928E-2 1.14631E-2 1.19037E-2 1.22745E-2 1.2595E-2 1.39618E-2 1.63291E-2 1.72858E-2 2.05831E-2 2.34413E-2 3.26142E-2 -9999 -9999 -9999 -9999 -9999 -9999 -9999 -9999 -9999
2.45246E-3 2.57053E-3 2.2057E-3 2.16972E-3 2.12065E-3 2.0394E-3 2.06526E-3 2.00644E-3 1.98487E-3 1.98239E-3 1.93367E-3 1.90953E-3 2.01814E-3 2.20014E-3 2.28019E-3 2.3222E-3 2.24676E-3 2.25286E-3 2.22446E-3 2.16687E-3 2.09558E-3 1.91559E-3 1.85932E-3 1.96532E-3 2.0667E-3 2.19131E-3 2.2336E-3 2.40569E-3 2.35478E-3 2.50744E-3 2.69197E-3 2.772E-3 2.88812E-3 3.05497E-3 6.01101E-3 6.42346E-3 6.50716E-3 6.86219E-3 1.09606E-2 1.12183E-2 1.17387E-2 1.21896E-2 1.21379E-2 1.28098E-2 1.55025E-2 1.33783E-2 1.53275E-2 2.1215E-2 2.36151E-2 2.58384E-2 3.36394E-2 3.96058E-2 -9999 -9999 -9999 -9999 -9999 -9999 -9999 -9999 -9999
2.87686E-3 2.80425E-3 2.32935E-3 2.38043E-3 2.32168E-3 2.20279E-3 2.15387E-3 2.06965E-3 2.07649E-3 2.09627E-3 2.11667E-3 2.10985E-3 2.11679E-3 2.27653E-3 2.28623E-3 2.39761E-3 2.34312E-3 2.34662E-3 2.29434E-3 2.26435E-3 2.15601E-3 1.94387E-3 1.9913E-3 1.97109E-3 2.16826E-3 2.37122E-3 2.37619E-3 2.40339E-3 2.6958E-3 2.61812E-3 2.73124E-3 2.98498E-3 3.08547E-3 3.17399E-3 6.3716E-3 6.71856E-3 6.66895E-3 7.13718E-3 1.12394E-2 1.16593E-2 1.18863E-2 1.23811E-2 1.22926E-2 1.2539E-2 1.35936E-2 1.49385E-2 1.67868E-2 2.48566E-2 2.7891E-2 3.24454E-2 4.34721E-2 4.9539E-2 -9999 -9999 -9999 -9999 -9999 -9999 -9999 -9999 -9999
3.12132E-3 2.92314E-3 2.40036E-3 2.35575E-3 2.4074E-3 2.39286E-3 2.33003E-3 2.16375E-3 2.20011E-3 2.18681E-3 2.22393E-3 2.26256E-3 2.27661E-3 2.30092E-3 2.37488E-3 2.45499E-3 2.43221E-3 2.44504E-3 2.36848E-3 2.33801E-3 2.23422E-3 2.1136E-3 2.02372E-3 2.0208E-3 2.27036E-3 2.3532E-3 2.44403E-3 2.51872E-3 2.65769E-3 2.66517E-3 2.80735E-3 3.0668E-3 3.18528E-3 3.27224E-3 6.82829E-3 6.88106E-3 7.04015E-3 7.41445E-3 1.10726E-2 1.16723E-2 1.17199E-2 1.21666E-2 1.22826E-2 1.24925E-2 1.36626E-2 1.48998E-2 1.80193E-2 2.82311E-2 3.20453E-2 5.70169E-2 5.619E-2 -9999 -9999 -9999 -9999 -9999 -9999 -9999 -9999 -9999 -9999
3.25383E-3 3.09276E-3 2.5998E-3 2.4532E-3 2.40292E-3 2.46309E-3 2.44038E-3 2.32547E-3 2.25063E-3 2.28517E-3 2.29507E-3 2.32119E-3 2.32569E-3 2.33712E-3 2.41859E-3 2.53502E-3 2.58074E-3 2.52227E-3 2.46237E-3 2.43925E-3 2.34333E-3 2.25677E-3 2.17137E-3 2.25015E-3 2.26171E-3 2.33006E-3 2.33546E-3 2.35088E-3 2.85492E-3 2.75056E-3 2.9864E-3 3.18081E-3 3.32753E-3 3.37903E-3 3.79955E-3 7.67707E-3 7.26341E-3 7.25158E-3 1.11423E-2 1.13264E-2 1.14025E-2 1.19643E-2 1.22136E-2 1.27519E-2 1.40252E-2 1.99346E-2 2.28738E-2 3.1834E-2 3.59187E-2 4.94555E-2 1.16374E-1 -9999 -9999 -9999 -9999 -9999 -9999 -9999 -9999 -9999 -9999
3.39749E-3 3.29274E-3 2.7283E-3 2.63566E-3 2.49506E-3 2.5701E-3 2.587E-3 2.52314E-3 2.40147E-3 2.44496E-3 2.31019E-3 2.28789E-3 2.35785E-3 2.47252E-3 2.4778E-3 2.62514E-3 2.63753E-3 2.59265E-3 2.54959E-3 2.51266E-3 2.44791E-3 2.2831E-3 2.25579E-3 2.37545E-3 2.37316E-3 2.32351E-3 2.36689E-3 2.55712E-3 2.64867E-3 2.79845E-3 2.96762E-3 3.26816E-3 3.43609E-3 3.56698E-3 7.08398E-3 7.24824E-3 7.00635E-3 7.11156E-3 1.0981E-2 1.11163E-2 1.1363E-2 1.31097E-2 1.28866E-2 1.35395E-2 1.45943E-2 1.89335E-2 2.39932E-2 3.51621E-2 4.3567E-2 6.56561E-2 1.46549E-1 -9999 -9999 -9999 -9999 -9999 -9999 -9999 -9999 -9999 -9999
