RStudio/Xiphophorus/MaxEnt Models/Xiphophorus malinche/Xiphophorus_malinche.asc
ncols         432
nrows         590
xllcorner     -101.36634685401
yllcorner     19.040437502918
cellsize      0.008333332798
NODATA_value  -9999
[rows 0 to 26 of 590, columns 183 to 243 of 432]
-9999 -9999 -9999 -9999 -9999 -9999 -9999 -9999 -9999 -9999 -9999 -9999 -9999 -9999 -9999 -9999 -9999 -9999 -9999 -9999 -9999 -9999 -9999 -9999 -9999 -9999 -9999 -9999 -9999 -9999 -9999 -9999 -9999 -9999 -9999 -9999 -9999 -9999 -9999 -9999 -9999 -9999 -9999 -9999 -9999 -9999 -9999 -9999 -9999 -9999 -9999 -9999 -9999 -9999 -9999 -9999 -9999 -9999 -9999 -9999 -9999
-9999 -9999 -9999 -9999 -9999 -9999 -9999 -9999 -9999 -9999 -9999 -9999 -9999 -9999 -9999 -9999 -9999 -9999 9.30316E-2 9.92058E-2 -9999 -9999 -9999 -9999 -9999 -9999 -9999 -9999 -9999 -9999 -9999 -9999 -9999 -9999 -9999 -9999 -9999 -9999 -9999 -9999 -9999 -9999 -9999 -9999 -9999 -9999 -9999 -9999 -9999 -9999 -9999 -9999 -9999 -9999 -9999 -9999 -9999 -9999 -9999 -9999 -9999
-9999 -9999 -9999 -9999 -9999 -9999 -9999 -9999 -9999 -9999 -9999 -9999 -9999 -9999 -9999 -9999 -9999 1.20917E-1 8.63089E-2 9.72432E-2 1.51305E-1 -9999 -9999 -9999 -9999 1.13901E-1 -9999 -9999 -9999 -9999 -9999 -9999 -9999 -9999 -9999 -9999 -9999 -9999 -9999 -9999 -9999 -9999 -9999 -9999 -9999 -9999 -9999 -9999 -9999 -9999 -9999 -9999 -9999 -9999 -9999 -9999 -9999 -9999 -9999 -9999 -9999
-9999 -9999 -9999 -9999 -9999 -9999 -9999 -9999 -9999 -9999 -9999 -9999 -9999 -9999 -9999 7.82482E-2 8.44523E-2 9.37382E-2 8.08287E-2 9.12174E-2 9.42059E-2 1.23369E-1 9.93431E-2 8.76221E-2 9.48632E-2 9.78368E-2 8.36744E-2 -9999 -9999 -9999 -9999 -9999 -9999 -9999 -9999 -9999 -9999 -9999 -9999 -9999 -9999 -9999 -9999 -9999 -9999 -9999 -9999 -9999 -9999 -9999 -9999 -9999 -9999 -9999 -9999 -9999 -9999 -9999 -9999 -9999 -9999
-9999 -9999 -9999 -9999 -9999 -9999 -9999 -9999 -9999 -9999 -9999 -9999 -9999 -9999 -9999 8.08095E-2 8.06621E-2 7.76261E-2 7.76305E-2 7.90511E-2 9.11188E-2 1.34992E-1 8.90145E-2 8.06679E-2 9.09294E-2 8.9337E-2 8.12328E-2 8.23864E-2 -9999 -9999 -9999 -9999 -9999 -9999 -9999 -9999 -9999 -9999 -9999 -9999 -9999 -9999 -9999 -9999 -9999 -9999 -9999 -9999 -9999 -9999 -9999 -9999 -9999 -9999 -9999 -9999 -9999 -9999 -9999 -9999 -9999
-9999 -9999 -9999 -9999 -9999 -9999 -9999 -9999 -9999 -9999 -9999 -9999 -9999 -9999 -9999 8.09792E-2 9.56966E-2 8.38601E-2 8.15128E-2 7.77367E-2 8.98558E-2 1.07511E-1 8.30834E-2 7.86126E-2 8.67083E-2 8.43613E-2 8.01116E-2 8.12392E-2 9.62786E-2 -9999 -9999 -9999 -9999 -9999 -9999 -9999 -9999 -9999 -9999 -9999 -9999 -9999 -9999 -9999 -9999 -9999 -9999 -9999 -9999 -9999 -9999 -9999 -9999 -9999 -9999 -9999 -9999 -9999 -9999 -9999 -9999
-9999 -9999 -9999 -9999 -9999 -9999 -9999 -9999 -9999 -9999 -9999 -9999 -9999 -9999 -9999 -9999 9.10719E-2 9.17469E-2 8.21598E-2 7.80715E-2 7.83809E-2 8.11241E-2 8.02514E-2 7.79823E-2 8.23404E-2 7.89417E-2 7.92825E-2 7.97326E-2 8.61011E-2 -9999 -9999 -9999 -9999 -9999 -9999 8.36928E-2 -9999 -9999 -9999 -9999 -9999 -9999 -9999 -9999 -9999 -9999 -9999 -9999 -9999 -9999 -9999 -9999 -9999 -9999 -9999 -9999 -9999 -9999 -9999 -9999 -9999
-9999 -9999 -9999 -9999 -9999 -9999 -9999 -9999 -9999 -9999 -9999 -9999 -9999 -9999 -9999 -9999 8.60868E-2 8.99874E-2 8.93387E-2 8.25165E-2 7.94498E-2 7.94857E-2 7.95432E-2 7.9318E-2 8.06808E-2 7.69842E-2 7.82408E-2 7.90723E-2 8.83698E-2 1.22873E-1 -9999 1.20736E-1 9.21193E-2 8.29235E-2 8.17023E-2 8.13912E-2 8.64664E-2 -9999 -9999 -9999 -9999 -9999 -9999 -9999 -9999 -9999 -9999 -9999 -9999 -9999 -9999 -9999 -9999 -9999 -9999 -9999 -9999 -9999 -9999 -9999 -9999
-9999 -9999 -9999 -9999 -9999 -9999 -9999 -9999 -9999 -9999 -9999 -9999 -9999 -9999 -9999 -9999 -9999 9.4147E-2 1.35329E-1 9.03467E-2 8.57984E-2 8.39011E-2 8.10171E-2 7.90657E-2 7.83849E-2 7.74754E-2 7.595E-2 8.02717E-2 8.85965E-2 1.18874E-1 1.45818E-1 1.15334E-1 8.58082E-2 8.17841E-2 8.26293E-2 7.32844E-2 8.3374E-2 -9999 -9999 -9999 -9999 -9999 -9999 -9999 -9999 -9999 -9999 -9999 -9999 -9999 -9999 -9999 8.15128E-2 8.374E-2 -9999 -9999 -9999 -9999 -9999 -9999 -9999
-9999 -9999 -9999 -9999 -9999 -9999 -9999 -9999 -9999 -9999 -9999 -9999 -9999 -9999 -9999 -9999 8.62882E-2 1.02766E-1 1.31839E-1 1.31163E-1 1.13503E-1 1.09171E-1 8.72083E-2 8.2633E-2 8.15305E-2 8.17983E-2 7.67488E-2 8.08632E-2 8.4236E-2 9.03459E-2 1.0613E-1 9.12468E-2 8.93441E-2 8.17653E-2 8.20103E-2 7.55245E-2 7.72716E-2 9.14085E-2 -9999 -9999 8.42182E-2 7.41381E-2 7.64592E-2 8.34736E-2 8.99345E-2 1.01228E-1 -9999 -9999 -9999 -9999 -9999 -9999 7.65114E-2 8.09789E-2 6.77087E-2 6.24068E-2 -9999 -9999 -9999 -9999 -9999
-9999 -9999 -9999 -9999 9.02732E-2 9.39644E-2 1.01808E-1 1.13783E-1 1.34949E-1 1.36699E-1 1.07382E-1 1.14209E-1 1.31001E-1 1.31965E-1 1.13568E-1 9.03411E-2 8.76063E-2 9.31545E-2 1.12521E-1 1.3729E-1 9.96398E-2 1.25362E-1 1.09093E-1 9.36724E-2 8.32052E-2 8.29855E-2 8.24293E-2 7.93174E-2 7.84844E-2 8.17007E-2 8.22203E-2 8.29388E-2 7.06107E-2 7.13651E-2 8.32343E-2 5.65386E-2 8.37781E-2 9.91003E-2 -9999 8.49358E-2 7.72042E-2 7.15565E-2 8.4627E-2 9.05202E-2 9.05476E-2 1.05837E-1 -9999 -9999 -9999 -9999 -9999 7.80717E-2 7.3715E-2 6.95576E-2 6.4753E-2 5.63206E-2 6.29375E-2 -9999 -9999 -9999 -9999
-9999 -9999 -9999 8.12315E-2 7.89024E-2 8.18166E-2 9.03028E-2 1.0642E-1 1.05402E-1 9.85716E-2 9.50103E-2 1.04079E-1 1.11287E-1 1.14861E-1 1.1424E-1 9.20075E-2 8.92917E-2 9.82748E-2 1.00914E-1 1.28605E-1 1.01222E-1 8.88876E-2 9.78162E-2 9.02888E-2 8.43819E-2 8.24736E-2 8.04466E-2 8.32421E-2 8.10525E-2 7.35779E-2 7.12754E-2 6.84587E-2 6.90662E-2 8.37332E-2 8.48739E-2 5.63479E-2 6.45587E-2 8.26847E-2 8.60738E-2 7.92953E-2 8.61429E-2 7.49251E-2 8.13021E-2 8.92742E-2 9.39471E-2 1.03405E-1 1.17262E-1 -9999 -9999 1.00953E-1 8.53332E-2 7.00858E-2 6.33803E-2 6.17213E-2 6.27247E-2 5.38986E-2 5.84643E-2 -9999 -9999 -9999 -9999
-9999 -9999 -9999 9.32587E-2 9.54369E-2 8.2812E-2 8.68123E-2 9.63669E-2 9.10786E-2 8.89576E-2 9.05812E-2 1.05969E-1 1.01804E-1 1.11245E-1 1.28853E-1 9.77911E-2 9.44781E-2 1.16787E-1 1.00524E-1 1.1331E-1 9.35994E-2 9.26829E-2 8.66109E-2 8.63809E-2 8.62493E-2 8.58825E-2 8.58477E-2 8.5374E-2 8.4887E-2 8.31487E-2 7.79438E-2 7.04334E-2 8.52524E-2 9.08808E-2 8.45527E-2 6.77466E-2 6.28705E-2 4.97944E-2 6.4134E-2 5.6152E-2 6.12674E-2 6.46226E-2 6.64236E-2 8.46259E-2 9.41381E-2 1.02461E-1 1.20643E-1 1.3491E-1 1.34264E-1 1.05805E-1 8.75978E-2 7.48397E-2 6.63646E-2 6.7541E-2 5.85988E-2 5.86785E-2 6.06674E-2 -9999 -9999 -9999 -9999
-9999 -9999 1.10873E-1 1.11916E-1 9.42976E-2 8.18971E-2 8.65384E-2 8.95117E-2 8.43998E-2 8.70689E-2 9.35359E-2 1.11317E-1 1.00546E-1 1.08813E-1 1.51856E-1 1.04993E-1 9.40258E-2 1.10776E-1 1.07066E-1 1.06799E-1 9.03991E-2 8.94622E-2 9.10053E-2 9.11062E-2 8.7552E-2 9.27469E-2 8.96512E-2 8.68033E-2 8.61844E-2 8.54541E-2 8.72371E-2 8.59767E-2 8.80748E-2 9.48935E-2 8.83056E-2 7.27488E-2 8.91179E-2 6.47143E-2 6.19862E-2 6.77335E-2 5.34585E-2 4.40403E-2 4.5467E-2 5.43996E-2 7.97054E-2 9.63555E-2 1.18427E-1 1.35715E-1 1.38208E-1 1.11136E-1 9.04197E-2 7.31022E-2 6.16276E-2 5.42278E-2 6.07127E-2 5.84887E-2 6.40559E-2 -9999 -9999 -9999 -9999
-9999 1.01643E-1 9.82598E-2 9.63549E-2 8.4127E-2 8.17169E-2 8.08498E-2 8.23716E-2 8.3661E-2 8.60357E-2 8.85968E-2 9.49245E-2 9.77908E-2 1.06421E-1 1.4998E-1 1.08665E-1 9.44476E-2 1.00625E-1 1.08175E-1 1.19252E-1 9.38476E-2 1.04062E-1 9.56172E-2 9.60493E-2 8.97821E-2 9.52129E-2 9.84947E-2 8.80315E-2 8.73593E-2 8.15807E-2 8.61827E-2 9.08548E-2 8.96042E-2 9.312E-2 9.00374E-2 8.18384E-2 9.11983E-2 9.13314E-2 9.06055E-2 8.25783E-2 7.91797E-2 7.25948E-2 5.28897E-2 5.64993E-2 9.26154E-2 9.91775E-2 1.15694E-1 1.36523E-1 1.32546E-1 1.13332E-1 9.19965E-2 7.55656E-2 6.37884E-2 5.65408E-2 5.87171E-2 6.68594E-2 6.85423E-2 -9999 -9999 -9999 -9999
-9999 1.06453E-1 1.08098E-1 9.96006E-2 9.00796E-2 8.84427E-2 8.76173E-2 9.91473E-2 8.86885E-2 8.7633E-2 1.04942E-1 1.0665E-1 1.00971E-1 1.06886E-1 1.39514E-1 1.24264E-1 9.80525E-2 9.50655E-2 1.01461E-1 1.30563E-1 1.04565E-1 1.31298E-1 1.18927E-1 9.6613E-2 9.92946E-2 9.56017E-2 1.026E-1 8.93875E-2 8.18646E-2 8.63366E-2 8.45581E-2 8.8109E-2 9.14956E-2 9.03149E-2 9.12083E-2 9.18308E-2 9.62581E-2 9.5643E-2 9.69683E-2 9.44541E-2 9.26009E-2 8.18443E-2 5.21263E-2 5.06566E-2 8.6094E-2 9.54128E-2 1.08964E-1 1.35112E-1 1.24688E-1 1.17881E-1 9.28451E-2 7.47127E-2 6.61227E-2 5.58962E-2 6.67648E-2 7.26906E-2 6.95033E-2 -9999 -9999 -9999 -9999
1.15881E-1 1.17721E-1 1.09522E-1 9.89303E-2 1.0483E-1 1.04788E-1 1.06463E-1 1.16434E-1 8.88044E-2 9.0551E-2 1.08007E-1 1.18724E-1 1.01757E-1 9.85777E-2 1.07599E-1 1.35211E-1 1.01685E-1 9.42819E-2 9.71171E-2 1.13114E-1 1.48322E-1 1.37106E-1 1.34904E-1 1.26567E-1 1.12682E-1 9.8648E-2 1.00402E-1 9.17806E-2 8.10332E-2 7.81648E-2 8.35066E-2 8.96433E-2 9.67429E-2 9.63487E-2 9.67453E-2 9.52086E-2 9.4991E-2 9.81028E-2 1.03935E-1 9.47716E-2 9.43817E-2 7.51217E-2 5.89055E-2 4.41802E-2 6.93733E-2 9.45203E-2 1.02889E-1 1.27289E-1 1.13154E-1 1.0033E-1 9.24493E-2 7.90079E-2 6.94036E-2 5.6994E-2 6.92627E-2 6.07671E-2 6.12595E-2 -9999 -9999 -9999 -9999
1.14126E-1 1.0883E-1 1.08266E-1 1.12455E-1 1.06214E-1 1.03979E-1 1.00288E-1 9.61898E-2 8.63703E-2 9.40459E-2 1.11228E-1 9.33795E-2 6.90323E-2 6.40921E-2 6.83076E-2 1.00363E-1 8.49408E-2 8.54995E-2 8.51464E-2 9.20432E-2 1.26336E-1 1.15543E-1 1.01013E-1 9.79973E-2 1.03588E-1 1.26092E-1 9.94022E-2 9.28625E-2 8.23729E-2 8.07928E-2 9.02059E-2 8.98103E-2 9.41981E-2 1.00055E-1 9.45903E-2 9.0556E-2 8.64443E-2 9.09258E-2 9.6503E-2 9.61641E-2 7.74375E-2 6.58255E-2 4.84037E-2 5.0441E-2 5.39332E-2 7.60186E-2 9.94486E-2 1.08259E-1 1.01529E-1 9.63152E-2 8.73653E-2 7.88173E-2 6.885E-2 5.76527E-2 6.80972E-2 6.29814E-2 6.14435E-2 -9999 -9999 -9999 -9999
1.13855E-1 1.05342E-1 9.85798E-2 9.5489E-2 9.77204E-2 9.02615E-2 9.01377E-2 8.81117E-2 8.59865E-2 9.6253E-2 9.75552E-2 5.99507E-2 4.73274E-2 4.16978E-2 4.88807E-2 5.87669E-2 5.72634E-2 5.82824E-2 5.82065E-2 6.5711E-2 7.05945E-2 8.21715E-2 8.53566E-2 8.55286E-2 9.17992E-2 1.19889E-1 1.05564E-1 9.41855E-2 8.57392E-2 7.29066E-2 8.96134E-2 9.13642E-2 9.29782E-2 1.00567E-1 1.0214E-1 9.72446E-2 9.19248E-2 7.25183E-2 9.55245E-2 9.931E-2 9.62725E-2 7.93942E-2 6.05465E-2 4.61038E-2 4.87824E-2 7.63046E-2 1.00978E-1 9.78144E-2 9.00199E-2 7.88678E-2 7.98764E-2 8.04279E-2 6.43527E-2 5.44013E-2 6.45467E-2 5.70897E-2 5.8068E-2 -9999 -9999 -9999 -9999
1.10065E-1 1.14098E-1 1.09798E-1 9.20854E-2 8.87455E-2 8.74443E-2 8.23502E-2 8.44558E-2 8.49336E-2 8.3428E-2 6.39257E-2 4.46377E-2 3.27174E-2 2.83846E-2 3.24026E-2 4.07157E-2 4.21431E-2 3.97812E-2 4.14086E-2 4.26278E-2 4.81839E-2 5.63974E-2 5.86726E-2 6.14364E-2 6.38442E-2 8.12429E-2 9.01523E-2 9.73027E-2 8.71133E-2 8.00856E-2 7.95723E-2 9.118E-2 7.96937E-2 8.6755E-2 9.24098E-2 9.05563E-2 8.29915E-2 5.24165E-2 7.13187E-2 8.84994E-2 8.48809E-2 5.51218E-2 4.50522E-2 4.13623E-2 4.60643E-2 6.41496E-2 7.21375E-2 7.38043E-2 8.4974E-2 6.45242E-2 7.6148E-2 8.70182E-2 7.02436E-2 6.91739E-2 5.66057E-2 5.34567E-2 6.13778E-2 6.87236E-2 -9999 -9999 -9999
9.49143E-2 9.4244E-2 8.81082E-2 9.28405E-2 8.77218E-2 8.20673E-2 8.14E-2 8.34428E-2 9.76832E-2 8.55141E-2 5.54154E-2 4.00131E-2 2.6577E-2 1.84065E-2 1.93505E-2 2.92319E-2 2.79712E-2 2.68678E-2 2.90744E-2 2.85689E-2 3.46199E-2 4.13428E-2 3.9744E-2 4.12203E-2 4.54817E-2 5.68946E-2 6.39086E-2 7.58909E-2 9.02054E-2 8.93719E-2 6.99882E-2 7.24828E-2 7.36924E-2 5.47153E-2 4.38288E-2 3.93199E-2 4.08827E-2 3.84513E-2 3.69697E-2 5.06164E-2 6.18517E-2 5.31186E-2 3.47353E-2 2.89059E-2 2.88016E-2 2.85403E-2 3.1219E-2 3.57079E-2 4.98538E-2 5.1894E-2 6.65737E-2 8.02949E-2 7.67633E-2 6.47603E-2 5.29816E-2 5.70162E-2 6.16662E-2 6.61737E-2 -9999 -9999 -9999
8.64077E-2 8.52842E-2 8.09842E-2 8.64865E-2 9.24322E-2 9.06994E-2 8.12402E-2 9.32074E-2 1.16152E-1 9.2915E-2 5.85762E-2 4.56764E-2 3.27263E-2 2.67559E-2 1.83536E-2 1.8665E-2 1.84873E-2 1.84056E-2 1.97048E-2 1.89073E-2 2.77156E-2 2.7466E-2 2.71879E-2 2.87207E-2 3.4861E-2 4.18133E-2 4.18834E-2 5.59287E-2 6.34315E-2 7.4669E-2 7.77608E-2 5.77618E-2 6.33432E-2 4.97644E-2 4.09166E-2 3.24472E-2 2.44213E-2 2.28973E-2 2.4862E-2 3.35515E-2 3.25886E-2 3.57952E-2 2.58545E-2 2.0792E-2 2.0871E-2 3.01151E-2 2.21664E-2 2.54573E-2 2.95623E-2 3.78385E-2 5.20151E-2 7.25175E-2 7.23206E-2 6.0469E-2 5.4775E-2 6.01608E-2 5.35842E-2 5.40759E-2 -9999 -9999 -9999
9.4437E-2 9.43331E-2 8.84113E-2 8.94398E-2 8.3832E-2 8.34338E-2 9.18813E-2 1.00949E-1 1.35884E-1 1.11216E-1 7.15505E-2 5.31469E-2 4.85532E-2 3.43525E-2 2.71943E-2 2.67712E-2 2.67544E-2 2.73886E-2 2.63013E-2 1.80833E-2 1.86427E-2 1.82738E-2 1.84802E-2 1.98421E-2 2.91763E-2 2.82842E-2 2.98843E-2 3.922E-2 4.51607E-2 5.61539E-2 5.60164E-2 4.0152E-2 5.54235E-2 5.12307E-2 3.82432E-2 3.07634E-2 2.27429E-2 1.48514E-2 1.88604E-2 1.56324E-2 1.43396E-2 1.46439E-2 1.61163E-2 1.39026E-2 1.44247E-2 1.92069E-2 1.60512E-2 1.88177E-2 2.03502E-2 2.58675E-2 3.41908E-2 4.24458E-2 6.52007E-2 5.79947E-2 6.00461E-2 5.85855E-2 5.55492E-2 6.19557E-2 7.55338E-2 -9999 -9999
8.90358E-2 8.15294E-2 8.14389E-2 8.04749E-2 8.20642E-2 9.02323E-2 1.09163E-1 1.10704E-1 1.46687E-1 1.09681E-1 8.94742E-2 7.39524E-2 6.17987E-2 5.44844E-2 4.14208E-2 3.90498E-2 3.92739E-2 4.05967E-2 3.0727E-2 2.63663E-2 2.70459E-2 2.59756E-2 2.69961E-2 1.8022E-2 1.98797E-2 1.88879E-2 2.4288E-2 2.64707E-2 3.27625E-2 3.96284E-2 3.31972E-2 3.22728E-2 5.07238E-2 4.5318E-2 3.35562E-2 2.91424E-2 1.68768E-2 1.11195E-2 1.00213E-2 1.14291E-2 1.00583E-2 9.5895E-3 1.04082E-2 9.17123E-3 9.27083E-3 1.16884E-2 1.40539E-2 1.3141E-2 1.36589E-2 1.90834E-2 2.17319E-2 2.96283E-2 4.82602E-2 5.86853E-2 5.71786E-2 5.16491E-2 5.7751E-2 6.33918E-2 6.53636E-2 -9999 -9999
8.02753E-2 7.66252E-2 7.6405E-2 7.86447E-2 8.83362E-2 9.50043E-2 1.22822E-1 1.31856E-1 1.23074E-1 9.63439E-2 8.92113E-2 8.98924E-2 8.13637E-2 8.37343E-2 6.23437E-2 5.75024E-2 5.68176E-2 5.59763E-2 4.24466E-2 3.87505E-2 4.0845E-2 4.04804E-2 3.06734E-2 2.56371E-2 2.68E-2 1.60323E-2 1.58852E-2 1.6197E-2 2.16692E-2 2.30961E-2 2.23137E-2 2.32476E-2 3.07741E-2 3.41616E-2 2.98775E-2 2.01395E-2 1.83341E-2 2.21753E-2 2.20532E-2 2.23858E-2 1.93106E-2 1.76826E-2 1.68808E-2 1.45167E-2 1.32207E-2 1.06687E-2 9.56918E-3 9.22009E-3 1.16215E-2 1.0173E-2 1.54866E-2 2.24406E-2 3.54333E-2 4.58845E-2 5.03982E-2 5.30029E-2 5.60861E-2 6.77643E-2 6.71212E-2 7.3432E-2 -9999
-9999 7.81083E-2 7.47809E-2 7.86737E-2 8.54354E-2 1.07517E-1 1.15877E-1 9.75606E-2 1.00874E-1 9.09438E-2 9.06078E-2 9.76095E-2 1.29719E-1 9.67653E-2 8.65854E-2 8.06956E-2 8.48831E-2 7.62782E-2 6.06108E-2 5.55222E-2 5.74514E-2 5.55321E-2 4.23761E-2 3.60054E-2 2.89634E-2 2.39033E-2 2.50223E-2 1.85047E-2 1.45254E-2 1.43781E-2 1.68984E-2 2.58824E-2 2.62877E-2 2.89963E-2 2.08895E-2 2.01376E-2 2.92146E-2 3.12015E-2 3.4949E-2 2.70294E-2 2.43463E-2 2.52425E-2 2.48836E-2 2.10206E-2 1.53799E-2 1.34389E-2 1.30926E-2 8.93439E-3 8.91518E-3 9.21262E-3 9.39673E-3 1.65154E-2 2.56312E-2 3.40474E-2 3.86112E-2 4.82954E-2 5.19107E-2 7.29607E-2 6.12823E-2 6.6013E-2 7.69657E-2
-9999 -9999 7.41632E-2 7.6592E-2 8.5831E-2 1.08651E-1 9.6344E-2 8.76226E-2 8.6045E-2 8.53943E-2 9.75918E-2 1.18105E-1 1.14297E-1 1.02168E-1 9.32578E-2 9.26404E-2 9.34539E-2 1.135E-1 8.74069E-2 8.17467E-2 7.95447E-2 7.19173E-2 6.02504E-2 4.8548E-2 4.16304E-2 4.03048E-2 3.28504E-2 2.84921E-2 2.47479E-2 1.67202E-2 1.86977E-2 1.99818E-2 1.9816E-2 2.03454E-2 2.02731E-2 2.65553E-2 2.64708E-2 3.44032E-2 4.75239E-2 4.62561E-2 5.37603E-2 3.84925E-2 4.03963E-2 3.43716E-2 2.22743E-2 2.02182E-2 1.56777E-2 1.328E-2 1.29915E-2 8.71073E-3 6.85123E-3 1.31121E-2 1.52649E-2 2.51157E-2 3.32378E-2 3.56246E-2 4.19428E-2 5.90253E-2 6.27009E-2 8.0436E-2 8.34677E-2
