RStudio/Xiphophorus/MaxEnt Models/Xiphophorus malinche/Xiphophorus_malinche.asc
ncols         432
nrows         590
xllcorner     -101.36634685401
yllcorner     19.040437502918
cellsize      0.008333332798
NODATA_value  -9999
[rows 135 to 161 of 590, columns 183 to 243 of 432]
-9999 -9999 -9999 -9999 -9999 -9999 -9999 -9999 -9999 -9999 -9999 -9999 -9999 -9999 -9999 -9999 -9999 -9999 -9999 -9999 -9999 -9999 -9999 -9999 -9999 6.62114E-2 6.65985E-2 6.54365E-2 6.58376E-2 6.66837E-2 6.75874E-2 6.79404E-2 6.87458E-2 6.85692E-2 6.8701E-2 6.87501E-2 6.92024E-2 7.07341E-2 7.31085E-2 8.11863E-2 4.7672E-2 2.88257E-2 2.06221E-2 1.97486E-2 1.89482E-2 1.84257E-2 1.82182E-2 1.89555E-2 1.86871E-2 3.73031E-2 2.14492E-2 1.00525E-2 8.20655E-3 5.98168E-3 4.96688E-3 4.82885E-3 3.30639E-3 3.271E-3 4.5517E-3 4.54289E-3 4.6023E-3
-9999 -9999 -9999 -9999 -9999 -9999 -9999 -9999 -9999 -9999 -9999 -9999 -9999 -9999 -9999 -9999 -9999 -9999 -9999 -9999 -9999 -9999 -9999 -9999 -9999 6.84986E-2 6.88302E-2 6.86926E-2 6.80187E-2 6.90895E-2 6.99466E-2 7.01827E-2 7.10945E-2 7.09788E-2 7.11616E-2 7.12146E-2 7.14274E-2 7.0433E-2 7.2459E-2 7.78276E-2 5.2175E-2 2.0985E-2 2.04835E-2 1.94259E-2 1.84085E-2 1.77768E-2 1.7703E-2 1.81515E-2 1.74697E-2 1.91679E-2 2.70418E-2 2.01928E-2 9.06544E-3 8.07521E-3 7.18246E-3 5.58879E-3 4.77056E-3 3.29318E-3 3.21167E-3 3.08497E-3 3.13152E-3
-9999 -9999 -9999 -9999 -9999 -9999 -9999 -9999 -9999 -9999 -9999 -9999 -9999 -9999 -9999 -9999 -9999 -9999 -9999 -9999 -9999 -9999 -9999 -9999 -9999 -9999 7.06132E-2 7.1318E-2 7.03978E-2 7.14708E-2 7.23694E-2 7.2503E-2 7.29925E-2 7.38085E-2 7.31786E-2 7.32932E-2 7.28163E-2 7.25199E-2 7.19763E-2 7.53828E-2 8.5776E-2 2.83224E-2 2.02464E-2 1.90984E-2 1.80053E-2 1.72226E-2 1.6875E-2 1.66938E-2 1.673E-2 1.7275E-2 2.12095E-2 3.3671E-2 1.47939E-2 1.09216E-2 9.83137E-3 7.47935E-3 5.4426E-3 4.68615E-3 4.64988E-3 4.54172E-3 3.0861E-3
-9999 -9999 -9999 -9999 -9999 -9999 -9999 -9999 -9999 -9999 -9999 -9999 -9999 -9999 -9999 -9999 -9999 -9999 -9999 -9999 -9999 -9999 -9999 -9999 -9999 -9999 7.25625E-2 7.32794E-2 7.26942E-2 7.39238E-2 7.48066E-2 7.55554E-2 7.53188E-2 7.49931E-2 7.5419E-2 7.53243E-2 7.49124E-2 7.58005E-2 7.51088E-2 7.48436E-2 8.2817E-2 6.50491E-2 2.17941E-2 1.87715E-2 1.75115E-2 1.73354E-2 1.72355E-2 1.64583E-2 1.61712E-2 1.61267E-2 1.64585E-2 1.87641E-2 2.35969E-2 1.34921E-2 1.27281E-2 9.2255E-3 7.13923E-3 6.51668E-3 6.52309E-3 5.23028E-3 4.45788E-3
-9999 -9999 -9999 -9999 -9999 -9999 -9999 -9999 -9999 -9999 -9999 -9999 -9999 -9999 -9999 -9999 -9999 -9999 -9999 -9999 -9999 -9999 -9999 -9999 -9999 -9999 -9999 7.54652E-2 7.5269E-2 7.63777E-2 7.73099E-2 7.74291E-2 7.797E-2 7.68702E-2 7.79044E-2 7.75351E-2 7.71147E-2 7.90604E-2 7.88487E-2 7.68146E-2 7.95554E-2 8.63252E-2 2.59569E-2 1.86275E-2 1.72322E-2 1.71999E-2 1.78306E-2 1.65823E-2 1.58487E-2 1.56273E-2 1.54724E-2 1.5444E-2 1.48719E-2 1.36156E-2 1.50138E-2 1.2156E-2 9.94481E-3 9.28547E-3 8.77849E-3 7.05209E-3 6.5274E-3
-9999 -9999 -9999 -9999 -9999 -9999 -9999 -9999 -9999 -9999 -9999 -9999 -9999 -9999 -9999 -9999 -9999 -9999 -9999 -9999 -9999 -9999 -9999 -9999 -9999 -9999 7.69263E-2 7.7693E-2 7.84448E-2 7.89151E-2 7.98686E-2 8.05268E-2 8.02987E-2 7.89136E-2 8.00291E-2 7.96423E-2 7.92852E-2 8.15395E-2 8.08224E-2 7.87193E-2 7.87513E-2 8.29887E-2 4.8824E-2 1.88783E-2 1.71261E-2 1.63606E-2 1.70949E-2 1.7985E-2 1.61538E-2 1.53198E-2 1.4567E-2 1.40829E-2 1.38405E-2 1.34511E-2 1.49947E-2 1.57353E-2 1.41465E-2 1.33747E-2 1.16148E-2 9.82312E-3 9.26212E-3
-9999 -9999 -9999 -9999 -9999 -9999 -9999 -9999 -9999 -9999 -9999 -9999 -9999 -9999 -9999 -9999 -9999 -9999 -9999 -9999 -9999 -9999 -9999 -9999 -9999 7.71811E-2 7.85913E-2 7.98062E-2 8.06536E-2 8.14731E-2 8.24893E-2 8.2664E-2 8.29023E-2 8.17165E-2 8.23028E-2 8.17684E-2 8.14106E-2 8.41477E-2 8.2216E-2 8.01982E-2 7.94999E-2 8.44816E-2 9.33459E-2 1.81516E-2 1.7046E-2 1.60747E-2 1.62961E-2 1.98398E-2 1.61538E-2 1.48013E-2 1.39581E-2 1.38526E-2 1.36024E-2 1.37272E-2 1.40625E-2 1.49556E-2 1.47182E-2 1.46196E-2 1.44414E-2 1.30958E-2 1.32874E-2
-9999 -9999 -9999 -9999 -9999 -9999 -9999 -9999 -9999 -9999 -9999 -9999 -9999 -9999 -9999 -9999 -9999 -9999 -9999 -9999 -9999 -9999 -9999 -9999 -9999 7.89848E-2 8.06284E-2 8.20273E-2 8.23583E-2 8.38943E-2 8.44273E-2 8.51452E-2 8.50736E-2 8.34018E-2 8.27375E-2 8.37451E-2 8.37257E-2 8.67461E-2 8.55545E-2 8.24968E-2 8.07642E-2 8.31527E-2 9.05038E-2 1.97352E-2 1.6896E-2 1.59347E-2 1.54196E-2 1.53865E-2 1.50298E-2 1.45033E-2 1.34878E-2 1.35673E-2 1.34855E-2 1.34406E-2 1.3806E-2 1.40702E-2 1.40175E-2 1.40898E-2 1.4151E-2 1.40951E-2 1.46192E-2
-9999 -9999 -9999 -9999 -9999 -9999 -9999 -9999 -9999 -9999 -9999 -9999 -9999 -9999 -9999 -9999 -9999 -9999 -9999 -9999 -9999 -9999 -9999 -9999 -9999 8.11124E-2 8.2892E-2 8.25256E-2 7.85402E-2 7.63574E-2 8.08105E-2 8.77938E-2 8.75692E-2 8.71987E-2 8.43931E-2 8.59291E-2 8.67071E-2 8.74014E-2 8.6268E-2 8.49026E-2 7.98995E-2 8.44776E-2 9.06733E-2 2.70498E-2 1.73971E-2 1.60587E-2 1.51396E-2 1.45064E-2 1.4052E-2 1.33425E-2 1.31085E-2 1.32439E-2 1.33241E-2 1.33734E-2 1.33552E-2 1.35864E-2 1.35474E-2 1.3536E-2 1.35805E-2 1.37334E-2 1.40309E-2
-9999 -9999 -9999 -9999 -9999 -9999 -9999 -9999 -9999 -9999 -9999 -9999 -9999 -9999 -9999 -9999 -9999 -9999 -9999 -9999 -9999 -9999 -9999 -9999 8.12972E-2 8.26112E-2 7.85588E-2 6.44897E-2 5.63064E-2 5.40765E-2 5.80791E-2 6.77936E-2 8.66299E-2 8.90601E-2 8.57633E-2 8.59854E-2 8.81333E-2 9.07216E-2 9.31211E-2 8.70333E-2 8.55085E-2 8.50319E-2 9.58466E-2 7.43674E-2 1.81776E-2 1.66221E-2 1.546E-2 1.42288E-2 1.3458E-2 1.31308E-2 1.29026E-2 1.27501E-2 1.29435E-2 1.3005E-2 1.2961E-2 1.32307E-2 1.3497E-2 1.34215E-2 1.33647E-2 1.32718E-2 1.34441E-2
-9999 -9999 -9999 -9999 -9999 -9999 -9999 -9999 -9999 -9999 -9999 -9999 -9999 -9999 -9999 -9999 -9999 -9999 -9999 -9999 -9999 -9999 -9999 -9999 -9999 8.38442E-2 6.33421E-2 4.95139E-2 4.06372E-2 3.81583E-2 4.1839E-2 5.22907E-2 6.96828E-2 8.83247E-2 8.77695E-2 8.71798E-2 8.87786E-2 8.94067E-2 8.98727E-2 9.8422E-2 9.42615E-2 8.62989E-2 9.17654E-2 1.06299E-1 3.31327E-2 1.76716E-2 1.60257E-2 1.39801E-2 1.32362E-2 1.28885E-2 1.26858E-2 1.26217E-2 1.25961E-2 1.24255E-2 1.26293E-2 1.32917E-2 1.39779E-2 1.38384E-2 1.37133E-2 1.35825E-2 1.34258E-2
-9999 -9999 -9999 -9999 -9999 -9999 -9999 -9999 -9999 -9999 -9999 -9999 -9999 -9999 -9999 -9999 -9999 -9999 -9999 -9999 -9999 -9999 -9999 -9999 -9999 7.43938E-2 5.34412E-2 4.02339E-2 3.04734E-2 2.67819E-2 3.15161E-2 4.25573E-2 5.22604E-2 6.92782E-2 8.72237E-2 8.8093E-2 9.12411E-2 9.163E-2 9.20081E-2 9.75091E-2 1.05627E-1 9.32984E-2 9.34153E-2 1.03159E-1 7.01441E-2 4.37059E-2 1.68395E-2 1.43187E-2 1.37316E-2 1.32202E-2 1.32237E-2 1.31275E-2 1.31227E-2 1.30162E-2 1.28897E-2 1.32805E-2 1.38279E-2 1.40684E-2 1.4119E-2 1.40454E-2 1.3985E-2
-9999 -9999 -9999 -9999 -9999 -9999 -9999 -9999 -9999 -9999 -9999 -9999 -9999 -9999 -9999 -9999 -9999 -9999 -9999 -9999 -9999 -9999 -9999 -9999 7.82125E-2 7.07551E-2 5.09505E-2 3.71358E-2 2.63768E-2 1.87778E-2 2.74949E-2 3.22833E-2 4.32261E-2 5.33761E-2 7.06707E-2 8.68434E-2 9.17125E-2 9.57127E-2 9.62507E-2 1.02413E-1 1.10412E-1 1.07613E-1 9.52162E-2 1.02278E-1 1.19947E-1 6.85178E-2 1.85591E-2 1.45352E-2 1.402E-2 1.33389E-2 1.33995E-2 1.3592E-2 1.35408E-2 1.36212E-2 1.37608E-2 1.38286E-2 1.4097E-2 1.43171E-2 1.43914E-2 1.45687E-2 1.46264E-2
-9999 -9999 -9999 -9999 -9999 -9999 -9999 -9999 -9999 -9999 -9999 -9999 -9999 -9999 -9999 -9999 -9999 -9999 -9999 -9999 -9999 -9999 -9999 -9999 7.93537E-2 7.09327E-2 5.03375E-2 3.65822E-2 2.63797E-2 1.87314E-2 1.9275E-2 2.82539E-2 3.24325E-2 4.24337E-2 5.27187E-2 6.99209E-2 8.9935E-2 9.78325E-2 1.05252E-1 1.10221E-1 1.17014E-1 1.14357E-1 1.026E-1 1.06333E-1 1.18095E-1 8.08286E-2 1.86116E-2 1.68013E-2 1.43095E-2 1.58152E-2 1.31209E-2 1.36762E-2 1.41612E-2 1.42957E-2 1.45613E-2 1.47524E-2 1.48589E-2 1.50026E-2 1.40568E-2 1.33406E-2 1.39237E-2
-9999 -9999 -9999 -9999 -9999 -9999 -9999 -9999 -9999 -9999 -9999 -9999 -9999 -9999 -9999 -9999 -9999 -9999 -9999 -9999 -9999 -9999 -9999 -9999 8.29957E-2 7.99485E-2 5.73159E-2 3.91378E-2 2.93967E-2 2.68547E-2 1.9226E-2 1.99098E-2 2.87807E-2 3.2064E-2 4.44725E-2 5.42134E-2 7.10243E-2 9.27386E-2 1.13492E-1 1.1523E-1 1.22239E-1 1.23577E-1 1.11825E-1 1.12301E-1 1.24297E-1 8.36334E-2 4.69052E-2 3.83507E-2 1.60925E-2 1.95462E-2 1.30423E-2 1.36817E-2 1.48031E-2 1.49804E-2 1.4988E-2 1.51745E-2 1.48951E-2 1.18563E-2 1.00266E-2 9.40833E-3 9.91561E-3
-9999 -9999 -9999 -9999 -9999 -9999 -9999 -9999 -9999 -9999 -9999 -9999 -9999 -9999 -9999 -9999 -9999 -9999 -9999 -9999 -9999 -9999 -9999 -9999 8.3023E-2 8.5073E-2 6.71456E-2 5.1519E-2 4.16187E-2 3.04599E-2 2.75793E-2 2.00874E-2 2.04711E-2 2.81359E-2 3.19623E-2 4.34483E-2 5.48617E-2 6.42603E-2 8.53894E-2 1.08509E-1 1.18268E-1 1.30089E-1 1.25645E-1 1.27164E-1 1.20832E-1 1.40229E-1 4.92079E-2 2.13838E-2 1.69003E-2 1.52899E-2 2.20349E-2 1.54807E-2 1.38923E-2 1.53045E-2 1.56632E-2 1.55441E-2 1.20275E-2 9.04685E-3 7.23826E-3 6.60662E-3 7.21468E-3
-9999 -9999 -9999 -9999 -9999 -9999 -9999 -9999 -9999 -9999 -9999 -9999 -9999 -9999 -9999 -9999 -9999 -9999 -9999 -9999 -9999 -9999 -9999 -9999 8.25455E-2 8.41779E-2 8.07708E-2 6.71995E-2 5.20913E-2 4.17588E-2 3.04438E-2 2.8714E-2 2.07997E-2 1.98412E-2 2.83229E-2 3.39325E-2 4.12796E-2 4.54724E-2 6.04446E-2 7.54384E-2 8.47025E-2 1.04467E-1 1.28469E-1 1.39581E-1 1.24125E-1 1.32716E-1 1.17473E-1 2.23945E-2 1.90791E-2 1.64106E-2 5.73308E-2 1.57711E-2 1.33745E-2 1.542E-2 1.64357E-2 1.53509E-2 1.07999E-2 7.6078E-3 5.42937E-3 4.70039E-3 5.45939E-3
-9999 -9999 -9999 -9999 -9999 -9999 -9999 -9999 -9999 -9999 -9999 -9999 -9999 -9999 -9999 -9999 -9999 -9999 -9999 -9999 -9999 -9999 -9999 -9999 8.2479E-2 8.35141E-2 8.28568E-2 8.26508E-2 6.84447E-2 5.26075E-2 4.05656E-2 3.36539E-2 3.08408E-2 2.13175E-2 2.00017E-2 2.77743E-2 2.81745E-2 3.3281E-2 4.36544E-2 5.23113E-2 6.31083E-2 8.10843E-2 9.38731E-2 1.1277E-1 1.31604E-1 1.24558E-1 1.5272E-1 4.89523E-2 3.93576E-2 1.85519E-2 8.39798E-2 1.45693E-2 1.38022E-2 1.51692E-2 1.69411E-2 1.52013E-2 1.04322E-2 7.11862E-3 4.77113E-3 3.08338E-3 4.77964E-3
-9999 -9999 -9999 -9999 -9999 -9999 -9999 -9999 -9999 -9999 -9999 -9999 -9999 -9999 -9999 -9999 -9999 -9999 -9999 -9999 -9999 -9999 -9999 -9999 8.00742E-2 8.21917E-2 8.41986E-2 8.45089E-2 8.49748E-2 6.91646E-2 5.219E-2 4.43834E-2 3.59094E-2 3.14278E-2 2.05816E-2 1.97381E-2 2.10015E-2 2.88501E-2 2.96107E-2 3.75612E-2 4.7862E-2 6.11957E-2 6.86393E-2 8.76648E-2 1.18917E-1 1.2646E-1 1.3459E-1 1.59969E-1 4.21525E-2 3.22733E-2 2.90606E-2 1.29836E-2 1.40976E-2 1.5733E-2 1.70825E-2 1.55836E-2 1.06085E-2 7.18065E-3 4.87831E-3 3.05916E-3 3.16459E-3
-9999 -9999 -9999 -9999 -9999 -9999 -9999 -9999 -9999 -9999 -9999 -9999 -9999 -9999 -9999 -9999 -9999 -9999 -9999 -9999 -9999 -9999 -9999 -9999 7.73192E-2 8.10167E-2 8.21867E-2 8.30694E-2 8.26029E-2 8.45041E-2 6.91108E-2 5.10808E-2 4.75824E-2 3.74667E-2 3.2768E-2 3.01492E-2 2.02383E-2 2.0014E-2 2.04028E-2 2.3158E-2 4.19428E-2 3.78755E-2 3.8106E-2 5.22121E-2 9.21571E-2 1.17874E-1 1.39135E-1 1.62387E-1 9.90412E-2 2.85392E-2 1.76296E-2 3.92232E-2 1.53178E-2 2.20967E-2 1.63787E-2 1.65003E-2 1.15464E-2 8.06023E-3 5.88287E-3 4.6331E-3 3.96132E-3
-9999 -9999 -9999 -9999 -9999 -9999 -9999 -9999 -9999 -9999 -9999 -9999 -9999 -9999 -9999 -9999 -9999 -9999 -9999 -9999 -9999 -9999 -9999 -9999 -9999 7.91202E-2 8.19748E-2 8.30027E-2 8.13615E-2 8.3873E-2 8.24752E-2 6.97026E-2 5.60446E-2 5.00996E-2 4.85501E-2 3.7102E-2 3.07193E-2 2.98874E-2 2.9516E-2 2.23089E-2 2.79869E-2 3.07552E-2 2.73431E-2 3.00132E-2 7.58527E-2 9.75616E-2 1.20335E-1 1.37222E-1 1.42525E-1 5.19405E-2 1.95842E-2 4.35996E-2 1.56126E-2 2.26549E-2 1.39195E-2 1.78662E-2 1.3695E-2 1.01227E-2 7.98854E-3 6.04541E-3 4.32143E-3
-9999 -9999 -9999 -9999 -9999 -9999 -9999 -9999 -9999 -9999 -9999 -9999 -9999 -9999 -9999 -9999 -9999 -9999 -9999 -9999 -9999 -9999 -9999 -9999 -9999 -9999 7.97477E-2 8.18667E-2 8.08894E-2 8.05689E-2 8.35978E-2 8.80318E-2 6.99881E-2 6.97301E-2 6.51901E-2 5.54851E-2 4.96794E-2 4.35527E-2 3.76262E-2 3.37608E-2 4.03729E-2 3.12215E-2 1.75822E-2 2.14253E-2 4.54265E-2 8.12757E-2 1.16907E-1 1.24929E-1 1.80755E-1 1.00031E-1 2.29059E-2 3.03619E-2 1.68486E-2 2.96167E-2 1.30317E-2 1.71282E-2 1.74376E-2 1.35367E-2 1.11488E-2 8.99162E-3 6.73774E-3
-9999 -9999 -9999 -9999 -9999 -9999 -9999 -9999 -9999 -9999 -9999 -9999 -9999 -9999 -9999 -9999 -9999 -9999 -9999 -9999 -9999 -9999 -9999 -9999 -9999 -9999 -9999 8.06732E-2 7.84324E-2 8.58143E-2 8.36321E-2 9.22723E-2 9.50925E-2 9.27642E-2 8.70066E-2 7.76056E-2 7.53394E-2 6.16958E-2 5.04368E-2 4.97692E-2 4.66802E-2 4.28747E-2 1.50947E-2 1.46737E-2 2.179E-2 7.46336E-2 1.13366E-1 1.22498E-1 1.8542E-1 1.34112E-1 2.81511E-2 2.1933E-2 1.75142E-2 2.70389E-2 1.39097E-2 1.49878E-2 1.76718E-2 1.75736E-2 1.60473E-2 1.26917E-2 9.08995E-3
-9999 -9999 -9999 -9999 -9999 -9999 -9999 -9999 -9999 -9999 -9999 -9999 -9999 -9999 -9999 -9999 -9999 -9999 -9999 -9999 -9999 -9999 -9999 -9999 -9999 -9999 -9999 -9999 -9999 8.49508E-2 8.051E-2 8.69722E-2 8.62544E-2 9.63421E-2 9.84169E-2 1.0571E-1 1.10683E-1 9.68787E-2 8.15296E-2 6.97861E-2 5.37065E-2 3.02187E-2 2.20988E-2 1.46498E-2 2.00667E-2 5.04639E-2 1.06871E-1 1.34813E-1 1.6923E-1 1.78394E-1 4.5669E-2 2.60267E-2 3.66873E-2 1.41494E-2 1.46894E-2 1.33127E-2 1.72862E-2 1.71379E-2 1.70353E-2 1.67561E-2 9.33368E-3
-9999 -9999 -9999 -9999 -9999 -9999 -9999 -9999 -9999 -9999 -9999 -9999 -9999 -9999 -9999 -9999 -9999 -9999 -9999 -9999 -9999 -9999 -9999 -9999 -9999 -9999 -9999 -9999 -9999 -9999 8.35774E-2 8.19524E-2 8.58106E-2 8.88123E-2 9.00131E-2 9.83568E-2 1.20684E-1 1.2909E-1 1.22462E-1 8.60255E-2 6.85614E-2 5.55934E-2 4.80132E-2 1.58681E-2 2.93856E-2 3.63425E-2 6.7405E-2 1.24042E-1 1.71228E-1 1.94225E-1 7.52987E-2 3.1905E-2 3.74713E-2 1.9006E-2 1.295E-2 1.23466E-2 1.64923E-2 1.66235E-2 1.6547E-2 1.66524E-2 1.36517E-2
-9999 -9999 -9999 -9999 -9999 -9999 -9999 -9999 -9999 -9999 -9999 -9999 -9999 -9999 -9999 -9999 -9999 -9999 -9999 -9999 -9999 -9999 -9999 -9999 -9999 -9999 -9999 -9999 -9999 -9999 -9999 8.35337E-2 8.49642E-2 8.5494E-2 8.81512E-2 8.93081E-2 1.01892E-1 1.26226E-1 1.32611E-1 1.05836E-1 7.09468E-2 4.49401E-2 4.61201E-2 1.88152E-2 1.85196E-2 1.84594E-2 4.99598E-2 1.18822E-1 1.47027E-1 1.98438E-1 6.15567E-2 3.80153E-2 2.86636E-2 2.39588E-2 1.32247E-2 1.31768E-2 1.51837E-2 1.60842E-2 1.63062E-2 1.65E-2 1.57415E-2
-9999 -9999 -9999 -9999 -9999 -9999 -9999 -9999 -9999 -9999 -9999 -9999 -9999 -9999 -9999 -9999 -9999 -9999 -9999 -9999 -9999 -9999 -9999 -9999 -9999 -9999 -9999 -9999 -9999 -9999 -9999 8.32405E-2 8.3447E-2 8.49018E-2 8.62003E-2 8.83073E-2 8.98446E-2 1.04517E-1 1.32293E-1 1.29458E-1 8.75955E-2 5.30694E-2 4.64269E-2 4.51226E-2 1.20363E-2 1.45028E-2 2.36621E-2 9.66368E-2 1.18271E-1 1.55331E-1 7.9638E-2 5.39581E-2 2.31661E-2 2.00766E-2 1.36296E-2 1.39181E-2 1.55228E-2 1.61682E-2 1.62447E-2 1.64499E-2 1.61987E-2
