RStudio/Xiphophorus/MaxEnt Models/Xiphophorus malinche/Xiphophorus_malinche.asc
ncols         432
nrows         590
xllcorner     -101.36634685401
yllcorner     19.040437502918
cellsize      0.008333332798
NODATA_value  -9999
[rows 351 to 377 of 590, columns 244 to 304 of 432]
5.43085E-2 6.02272E-2 6.06207E-2 5.91267E-2 5.76142E-2 6.05655E-2 6.58475E-2 9.40043E-2 7.50426E-2 4.92132E-2 4.99437E-2 4.93154E-2 5.08774E-2 5.04673E-2 5.18624E-2 5.30598E-2 5.38586E-2 6.23105E-2 6.01324E-2 6.37425E-2 6.78829E-2 7.29244E-2 7.26548E-2 7.2222E-2 7.43048E-2 7.64924E-2 7.98168E-2 9.41553E-2 9.73954E-2 8.09061E-2 7.67589E-2 9.08248E-2 8.5964E-2 1.49816E-1 6.85463E-1 1.98794E-1 1.09163E-1 1.15138E-1 1.20285E-1 2.12846E-1 7.42636E-1 9.3025E-1 9.19657E-1 8.2535E-1 7.51622E-1 6.46021E-1 5.41636E-2 6.73746E-1 7.80627E-1 4.9126E-1 2.98851E-1 5.64569E-1 9.70612E-1 7.96097E-1 6.71163E-1 4.99978E-1 6.04383E-1 7.01396E-1 7.12148E-1 8.86909E-1 7.66789E-1
5.62072E-2 6.21204E-2 6.04461E-2 5.48071E-2 5.5036E-2 6.73708E-2 7.6771E-2 7.23126E-2 5.13262E-2 5.72798E-2 4.88508E-2 4.89017E-2 5.0013E-2 5.03832E-2 5.06143E-2 5.07284E-2 5.05903E-2 6.06293E-2 6.19291E-2 6.45602E-2 6.50971E-2 6.74058E-2 7.44841E-2 7.30474E-2 7.4434E-2 7.91102E-2 7.15062E-2 9.47353E-2 9.64836E-2 7.28763E-2 8.10451E-2 1.00971E-1 1.57283E-1 2.25127E-1 1.22613E-1 1.05909E-1 1.61687E-1 1.76782E-1 1.42304E-1 1.20385E-1 1.68064E-1 4.11986E-1 8.73327E-1 7.44808E-1 2.81485E-1 1.40466E-1 6.78383E-2 6.53667E-1 3.38876E-1 2.18201E-1 5.03917E-1 3.48498E-1 8.23986E-1 3.81696E-1 4.1254E-1 6.31031E-1 5.41219E-1 5.34579E-1 6.23522E-1 8.3294E-1 7.24181E-1
5.7601E-2 6.1965E-2 6.03907E-2 5.61969E-2 5.84335E-2 5.24712E-2 7.04298E-2 6.86959E-2 5.16608E-2 4.99624E-2 4.95246E-2 4.83511E-2 5.02388E-2 4.91516E-2 4.93784E-2 4.94956E-2 4.95405E-2 4.95205E-2 5.60041E-2 6.28241E-2 6.32843E-2 6.56484E-2 7.43136E-2 7.37788E-2 7.50203E-2 7.98995E-2 7.20439E-2 7.58381E-2 9.0417E-2 8.96892E-2 8.0659E-2 9.17269E-2 9.10781E-2 9.01969E-2 1.013E-1 1.07786E-1 1.13567E-1 1.05724E-1 1.10415E-1 8.96267E-2 8.8558E-2 1.80456E-1 4.56982E-1 6.49903E-1 6.11957E-1 8.37546E-2 2.16776E-1 1.64443E-1 1.25656E-1 2.91215E-1 4.7057E-1 3.26205E-1 4.73771E-1 3.68665E-1 5.77894E-1 5.39706E-1 5.28759E-1 6.42964E-1 8.73694E-1 7.81282E-1 6.339E-1
5.90831E-2 6.15623E-2 6.00089E-2 5.8552E-2 5.39597E-2 5.4965E-2 5.99098E-2 7.42188E-2 5.01671E-2 5.06149E-2 4.91563E-2 4.8179E-2 4.77092E-2 4.76977E-2 4.8155E-2 4.81654E-2 4.78089E-2 4.81112E-2 5.20647E-2 5.87223E-2 6.18066E-2 6.33089E-2 6.41733E-2 6.75546E-2 7.46855E-2 8.05581E-2 7.61614E-2 6.50433E-2 8.26878E-2 9.29635E-2 8.60795E-2 8.75823E-2 8.76819E-2 4.52202E-1 4.82003E-1 8.54943E-1 7.7533E-1 1.43194E-1 7.58713E-1 5.9389E-1 1.15556E-1 3.65141E-1 6.42164E-1 6.11367E-1 2.34208E-1 7.99518E-2 1.21563E-1 8.95775E-2 2.11349E-1 3.82121E-1 5.05935E-1 3.20303E-1 3.42043E-1 3.63965E-1 6.68444E-1 5.41186E-1 7.01313E-1 4.57446E-1 7.45597E-1 7.08621E-1 5.38478E-1
6.12013E-2 5.9483E-2 5.9555E-2 5.80848E-2 5.67339E-2 5.39815E-2 5.44375E-2 5.38925E-2 6.07698E-2 4.78948E-2 4.73274E-2 4.7732E-2 4.7219E-2 4.74114E-2 4.75268E-2 4.71357E-2 4.69226E-2 4.72363E-2 4.74045E-2 5.16927E-2 5.43557E-2 5.73897E-2 6.68316E-2 7.79687E-2 8.08592E-2 7.90391E-2 7.99203E-2 6.84713E-2 6.91531E-2 7.79908E-2 9.54538E-2 8.48863E-2 2.4038E-1 8.30458E-1 8.45479E-1 7.79598E-1 7.01484E-1 6.36809E-1 6.07172E-1 5.41241E-1 5.06061E-1 4.79088E-1 4.66517E-1 2.88063E-1 9.34607E-2 1.02562E-1 6.61036E-2 1.58882E-1 3.15411E-1 3.02516E-1 5.54342E-1 3.77465E-1 4.8823E-1 6.58835E-1 7.07416E-1 7.57743E-1 8.09205E-1 4.42388E-1 7.24481E-1 6.89895E-1 5.50448E-1
6.15542E-2 6.01059E-2 5.87316E-2 5.74185E-2 5.61494E-2 5.45453E-2 5.37748E-2 5.2274E-2 5.05706E-2 5.45136E-2 4.87271E-2 4.74249E-2 4.7263E-2 4.75162E-2 4.74927E-2 4.71798E-2 4.68604E-2 4.77307E-2 4.73529E-2 4.86988E-2 5.63116E-2 6.09736E-2 6.77456E-2 7.43379E-2 7.96979E-2 8.54492E-2 7.79405E-2 7.11236E-2 6.88889E-2 7.28552E-2 9.48133E-2 8.32498E-2 9.04272E-2 4.27863E-1 7.90189E-1 5.59758E-1 1.52248E-1 1.21919E-1 3.61204E-1 4.71517E-1 3.65877E-1 3.7044E-1 2.51063E-1 1.35652E-1 1.15214E-1 7.94556E-2 1.18293E-1 2.21029E-1 3.44547E-1 4.02602E-1 5.46682E-1 4.89633E-1 5.45252E-1 6.53682E-1 6.94628E-1 7.43886E-1 7.72307E-1 4.6495E-1 7.69706E-1 6.5418E-1 4.8413E-1
6.07823E-2 5.93878E-2 5.8114E-2 5.68547E-2 5.54503E-2 5.4193E-2 5.27881E-2 5.16207E-2 5.04373E-2 4.85395E-2 5.81012E-2 4.75183E-2 4.72756E-2 4.74941E-2 4.74752E-2 4.72362E-2 4.74351E-2 4.80315E-2 5.03419E-2 4.81472E-2 4.72511E-2 5.33829E-2 5.88073E-2 6.68107E-2 7.0385E-2 7.45719E-2 7.88541E-2 6.56858E-2 7.05121E-2 7.55161E-2 7.88078E-2 9.30569E-2 9.32775E-2 1.54926E-1 4.54497E-1 6.28686E-1 5.29199E-1 1.29147E-1 4.92993E-2 2.47138E-2 3.32633E-2 1.01355E-1 5.95435E-2 1.10763E-1 6.08793E-2 7.79279E-2 1.14824E-1 2.78826E-1 2.62709E-1 4.74359E-1 3.86466E-1 5.80895E-1 5.48168E-1 6.54242E-1 7.00865E-1 5.4963E-1 4.00827E-1 8.94183E-1 7.35949E-1 4.24158E-1 6.13153E-1
5.97825E-2 5.85397E-2 5.73989E-2 5.62897E-2 5.48827E-2 5.34925E-2 5.26611E-2 5.10992E-2 4.77907E-2 4.75045E-2 4.70363E-2 4.71109E-2 4.72767E-2 4.97352E-2 4.72608E-2 4.73889E-2 4.72863E-2 4.72383E-2 4.7258E-2 4.86333E-2 5.35934E-2 5.08581E-2 5.30578E-2 6.41842E-2 6.07091E-2 7.19872E-2 7.25992E-2 6.95142E-2 6.94626E-2 7.58985E-2 1.05052E-1 8.57137E-2 8.57419E-2 1.35592E-1 1.02688E-1 4.09566E-1 4.34021E-1 2.14224E-1 2.30651E-2 3.44305E-2 4.73716E-2 4.51453E-2 6.39787E-2 7.9645E-2 1.2695E-1 9.66126E-2 1.97653E-1 2.75952E-1 4.50165E-1 3.53869E-1 4.12467E-1 4.1452E-1 5.21666E-1 4.83448E-1 3.21198E-1 3.97858E-1 4.08886E-1 4.44015E-1 4.4849E-1 6.93836E-1 6.78984E-1
5.88896E-2 5.76713E-2 5.65281E-2 5.55249E-2 5.36008E-2 5.29895E-2 5.16395E-2 5.06744E-2 4.74667E-2 4.84813E-2 4.75146E-2 4.71525E-2 4.72769E-2 5.34146E-2 5.19839E-2 4.71838E-2 4.84932E-2 4.73433E-2 4.74059E-2 4.72499E-2 5.25987E-2 6.26398E-2 5.19017E-2 5.72625E-2 5.77706E-2 6.99353E-2 6.38754E-2 7.10641E-2 7.28285E-2 7.63622E-2 1.86397E-1 8.1578E-2 2.15881E-1 6.44914E-1 7.81416E-2 4.68347E-1 1.52006E-1 2.93936E-2 2.43614E-2 6.47533E-2 1.08877E-1 1.36619E-1 7.61797E-2 9.66833E-2 2.26365E-1 2.63355E-1 3.13014E-1 4.04768E-1 2.22517E-1 4.87044E-1 2.75625E-1 4.00788E-1 2.84936E-1 2.77477E-1 5.22248E-1 6.50305E-1 3.82484E-1 6.24035E-1 5.52039E-1 7.43775E-1 7.59996E-1
5.86749E-2 5.7432E-2 5.59421E-2 5.46368E-2 5.36892E-2 5.25283E-2 5.12734E-2 4.78559E-2 4.86839E-2 4.9634E-2 5.28796E-2 4.97586E-2 4.72764E-2 5.6381E-2 5.77634E-2 5.42995E-2 4.71805E-2 4.71982E-2 4.72748E-2 5.62149E-2 5.83799E-2 7.17617E-2 6.81025E-2 6.12674E-2 6.58101E-2 6.33344E-2 8.18979E-2 2.54225E-1 3.27417E-1 1.05951E-1 2.94278E-1 1.30819E-1 3.80639E-1 5.66729E-1 1.92179E-1 1.93663E-1 1.41137E-1 2.15571E-2 4.72943E-2 8.4905E-2 1.22638E-1 1.07208E-1 9.69533E-2 1.36701E-1 2.86616E-1 2.31194E-1 2.19988E-1 1.57194E-1 1.31371E-1 4.7619E-1 3.01359E-1 5.51131E-1 5.98479E-1 5.63785E-1 6.437E-1 3.87048E-1 7.66195E-1 8.28584E-1 5.83778E-1 5.79883E-1 8.17044E-1
5.8515E-2 5.72066E-2 5.58802E-2 5.47148E-2 5.33751E-2 5.20706E-2 4.80404E-2 4.92064E-2 4.93462E-2 5.3235E-2 5.60214E-2 5.77686E-2 5.12806E-2 5.21652E-2 5.92183E-2 5.74251E-2 5.32853E-2 4.72699E-2 4.83366E-2 5.30822E-2 6.48176E-2 7.25531E-2 7.64327E-2 6.60451E-2 6.89222E-2 8.45886E-2 1.20533E-1 8.43481E-2 1.11618E-1 3.37843E-1 4.00364E-1 2.71661E-1 7.49082E-2 4.99175E-1 6.03332E-2 6.40303E-2 2.20822E-2 2.40692E-2 4.10965E-2 9.83538E-2 1.48926E-1 1.54521E-1 2.14774E-1 1.31567E-1 1.40545E-1 1.81842E-1 3.86321E-1 1.77361E-1 9.92679E-2 4.89759E-1 5.19507E-1 3.79349E-1 5.94982E-1 4.74089E-1 4.17234E-1 7.23608E-1 5.95445E-1 4.12679E-1 4.47628E-1 7.28306E-1 7.88202E-1
5.88194E-2 5.75378E-2 5.60324E-2 5.475E-2 5.30943E-2 5.20361E-2 4.91937E-2 4.95221E-2 4.79115E-2 5.47351E-2 5.40407E-2 5.33702E-2 5.49508E-2 5.50437E-2 5.65142E-2 6.18932E-2 5.06674E-2 4.70304E-2 4.75065E-2 4.88317E-2 5.62898E-2 6.72483E-2 6.29914E-2 6.14445E-2 5.8862E-2 6.49492E-2 1.29533E-1 2.15233E-1 2.31233E-1 2.05699E-1 3.35847E-1 5.95193E-1 4.24075E-1 1.30294E-1 4.69264E-2 2.78578E-2 3.13972E-2 2.94701E-2 4.04682E-2 1.10142E-1 1.57854E-1 1.76537E-1 2.3322E-1 2.2483E-1 2.46453E-1 1.92607E-1 3.56074E-1 3.52235E-1 1.49775E-1 1.53607E-1 3.54629E-1 9.74979E-2 5.23044E-1 4.19715E-1 6.7259E-1 6.45987E-1 3.50961E-1 4.53798E-1 7.65995E-1 8.32517E-1 8.94352E-1
5.78798E-2 5.73203E-2 5.58485E-2 5.42336E-2 5.30159E-2 5.19757E-2 5.05769E-2 4.94666E-2 4.81968E-2 4.85877E-2 5.12855E-2 5.33234E-2 5.52012E-2 5.57774E-2 5.71444E-2 5.96289E-2 4.71453E-2 4.72106E-2 4.78294E-2 4.88476E-2 5.26237E-2 6.14328E-2 5.87866E-2 6.17453E-2 6.2593E-2 7.1177E-2 1.24539E-1 1.33797E-1 1.43689E-1 2.91959E-1 1.65402E-1 1.5147E-1 3.266E-1 3.79802E-2 2.98793E-2 1.89033E-2 2.4279E-2 2.93768E-2 4.3072E-2 7.47879E-2 1.84721E-1 1.96401E-1 9.33375E-2 1.16921E-1 1.80827E-1 3.29806E-1 2.81581E-1 1.40037E-1 2.33821E-1 1.18808E-1 8.88955E-2 3.64276E-1 5.74611E-1 4.13829E-1 6.28187E-1 7.01134E-1 2.9803E-1 6.75348E-1 7.36826E-1 7.43397E-1 6.46531E-1
5.78188E-2 5.69519E-2 5.49435E-2 5.40424E-2 5.29517E-2 5.44132E-2 5.03827E-2 4.93249E-2 4.80074E-2 4.72003E-2 5.32642E-2 5.17149E-2 5.24947E-2 5.39353E-2 5.86781E-2 6.13109E-2 4.87828E-2 5.45242E-2 5.28237E-2 5.17676E-2 5.16113E-2 5.41363E-2 5.50111E-2 6.20457E-2 6.15165E-2 6.58359E-2 6.68115E-2 7.29572E-2 1.20427E-1 3.05264E-1 9.31704E-2 5.92567E-2 2.8863E-1 5.13691E-2 2.96104E-2 3.44237E-2 4.62141E-2 4.70075E-2 9.19039E-2 1.29793E-1 2.17706E-1 1.61467E-1 1.36269E-1 1.06009E-1 1.75716E-1 1.25787E-1 2.41866E-1 9.69909E-2 1.26745E-1 1.42388E-1 1.07515E-1 1.92786E-1 4.77973E-1 6.00867E-1 6.52915E-1 2.35133E-1 5.60334E-1 3.61655E-1 3.82398E-1 3.56334E-1 4.39047E-1
5.72849E-2 5.6051E-2 5.4705E-2 5.51545E-2 5.42404E-2 5.29589E-2 5.01071E-2 4.89765E-2 5.30632E-2 5.16103E-2 5.42732E-2 5.08811E-2 5.15433E-2 5.2592E-2 5.75073E-2 5.45386E-2 5.94112E-2 6.02363E-2 5.94199E-2 5.90744E-2 5.65462E-2 5.15429E-2 5.41226E-2 5.66785E-2 6.76124E-2 7.05824E-2 6.73903E-2 8.30281E-2 7.94808E-2 2.42944E-1 8.48527E-2 6.00224E-2 2.25699E-1 2.56117E-2 1.82106E-2 2.43852E-2 4.33403E-2 7.44811E-2 8.61964E-2 7.17884E-2 8.30308E-2 1.37433E-1 1.61762E-1 2.27893E-1 3.03501E-1 1.33491E-1 1.24761E-1 2.49359E-1 3.20481E-1 1.16E-1 1.40597E-1 2.27014E-1 5.39993E-1 5.35377E-1 6.31479E-1 2.19573E-1 5.97733E-1 2.69611E-1 3.20067E-1 3.27391E-1 8.34243E-1
5.68134E-2 5.55261E-2 5.41906E-2 5.28688E-2 5.29273E-2 5.10133E-2 4.99928E-2 4.84862E-2 4.81701E-2 4.91327E-2 5.1194E-2 5.04473E-2 5.0978E-2 5.2062E-2 5.15266E-2 5.0554E-2 5.27018E-2 5.35844E-2 6.15072E-2 6.30908E-2 5.02122E-2 5.2626E-2 5.42021E-2 5.55215E-2 6.31936E-2 7.3861E-2 6.6786E-2 7.49983E-2 9.11823E-2 1.49489E-1 7.75218E-2 1.33422E-1 2.56341E-1 2.83369E-2 1.88294E-2 4.12812E-2 5.60773E-2 7.71359E-2 6.78029E-2 8.33259E-2 9.86301E-2 2.40878E-1 2.12703E-1 2.47467E-1 2.96726E-1 3.05499E-1 2.58219E-1 3.59409E-1 1.74421E-1 2.45697E-1 2.5871E-1 4.18325E-1 5.23346E-1 3.87369E-1 4.04444E-1 2.11744E-1 5.05253E-1 2.62864E-1 3.80792E-1 3.87719E-1 7.39597E-1
5.60168E-2 5.48922E-2 5.35792E-2 5.24945E-2 5.2176E-2 5.07337E-2 4.93749E-2 4.81977E-2 4.97747E-2 4.6834E-2 4.73937E-2 4.91867E-2 5.00095E-2 4.94461E-2 5.00507E-2 5.1073E-2 5.05847E-2 5.14343E-2 5.28172E-2 6.69205E-2 5.71727E-2 5.87247E-2 5.84865E-2 5.56948E-2 5.90755E-2 6.40594E-2 7.28195E-2 7.39565E-2 1.40133E-1 1.02704E-1 8.04364E-2 1.40724E-1 4.55232E-2 2.44228E-2 1.73489E-2 1.9153E-2 3.61872E-2 8.00331E-2 1.02871E-1 9.42915E-2 1.0185E-1 1.52698E-1 1.11757E-1 2.2186E-1 2.60476E-1 1.99938E-1 2.30002E-1 3.06501E-1 2.1678E-1 4.21868E-1 3.98268E-1 4.59426E-1 4.17503E-1 5.88464E-1 5.52459E-1 2.16009E-1 3.23233E-1 2.36257E-1 6.0213E-1 7.31928E-1 8.59565E-1
5.5461E-2 5.418E-2 5.30412E-2 5.21122E-2 5.11929E-2 5.01878E-2 5.10598E-2 4.75779E-2 4.73687E-2 5.19918E-2 5.285E-2 5.03255E-2 4.83047E-2 5.08744E-2 4.96021E-2 5.03953E-2 5.07514E-2 5.84107E-2 5.65279E-2 6.23406E-2 6.92596E-2 6.50503E-2 6.45537E-2 5.94947E-2 5.7076E-2 6.70993E-2 6.49372E-2 7.5798E-2 1.00312E-1 7.13237E-2 7.26079E-2 9.11199E-2 1.67926E-1 7.97684E-2 2.47067E-2 1.81573E-2 2.93039E-2 3.34681E-2 8.03952E-2 8.69311E-2 1.79031E-1 1.09494E-1 8.23399E-2 2.21586E-1 1.48423E-1 3.20596E-1 1.72331E-1 2.18329E-1 3.98198E-1 2.80629E-1 4.24626E-1 4.32356E-1 5.01465E-1 1.78673E-1 1.8555E-1 1.89361E-1 2.48295E-1 2.3387E-1 7.43628E-1 6.41404E-1 7.00514E-1
5.44191E-2 5.33537E-2 5.21808E-2 5.15759E-2 5.07021E-2 4.88674E-2 4.77824E-2 4.74968E-2 4.95614E-2 4.70956E-2 5.14423E-2 4.93906E-2 4.84024E-2 5.20002E-2 4.85349E-2 4.93679E-2 5.2647E-2 4.95483E-2 6.17351E-2 6.10662E-2 6.73135E-2 6.41088E-2 6.37905E-2 6.01391E-2 5.69037E-2 6.0642E-2 6.48007E-2 7.14189E-2 8.60533E-2 7.12241E-2 7.60989E-2 8.04328E-2 2.0707E-1 7.47818E-2 3.7144E-2 1.79818E-2 2.09841E-2 2.62956E-2 7.25814E-2 8.34639E-2 9.33286E-2 2.31657E-1 1.00526E-1 9.7086E-2 9.60768E-2 1.72089E-1 2.44904E-1 1.95287E-1 1.56807E-1 2.28501E-1 3.40029E-1 4.94544E-1 3.51994E-1 5.37693E-1 1.8711E-1 6.52027E-1 7.10112E-1 5.63211E-1 7.08084E-1 2.55539E-1 3.593E-1
5.37178E-2 5.2663E-2 5.12713E-2 5.08419E-2 4.9835E-2 4.83852E-2 4.73715E-2 4.6749E-2 4.74424E-2 5.03194E-2 4.72313E-2 4.67652E-2 4.82376E-2 4.97157E-2 4.78298E-2 5.15453E-2 4.88244E-2 4.87784E-2 5.19371E-2 5.69471E-2 5.48088E-2 5.29594E-2 6.00993E-2 6.6529E-2 5.87492E-2 5.81124E-2 7.52362E-2 7.72302E-2 8.05225E-2 6.86276E-2 7.25872E-2 9.43858E-2 2.01527E-1 1.8974E-1 3.59901E-2 2.46762E-2 1.75118E-2 3.87727E-2 3.04725E-2 4.7144E-2 8.90847E-2 1.84286E-1 2.03659E-1 7.44245E-2 8.42872E-2 2.44736E-1 2.58223E-1 3.04356E-1 1.52592E-1 1.22104E-1 4.19185E-1 2.92852E-1 3.87749E-1 3.09359E-1 5.83146E-1 4.3795E-1 6.63422E-1 7.83344E-1 3.75771E-1 2.36243E-1 4.35035E-1
5.33737E-2 5.20029E-2 5.10303E-2 4.9829E-2 4.91763E-2 4.81005E-2 4.68113E-2 4.67906E-2 4.69393E-2 4.86913E-2 5.02069E-2 4.63755E-2 4.90114E-2 5.01622E-2 4.94287E-2 4.78057E-2 4.8948E-2 5.58696E-2 6.06859E-2 6.25689E-2 5.42103E-2 4.95864E-2 5.47144E-2 6.218E-2 6.49257E-2 5.9674E-2 6.38458E-2 6.81156E-2 7.07229E-2 7.35199E-2 7.19532E-2 1.30056E-1 7.25481E-2 2.03021E-1 6.61282E-2 4.00019E-2 4.5458E-2 1.75719E-2 3.3461E-2 3.27228E-2 5.00912E-2 8.27007E-2 2.03256E-1 1.37288E-1 2.47127E-1 2.4418E-1 1.18423E-1 1.8429E-1 3.55448E-1 1.0799E-1 2.96453E-1 3.03561E-1 2.49569E-1 3.71432E-1 4.71796E-1 4.3431E-1 6.20699E-1 6.36127E-1 4.44742E-1 2.42666E-1 2.43522E-1
5.28801E-2 5.15817E-2 5.03505E-2 4.91527E-2 4.81501E-2 4.73334E-2 4.70956E-2 4.69835E-2 4.67292E-2 4.67813E-2 4.68971E-2 4.68377E-2 4.63881E-2 4.95317E-2 4.67625E-2 4.68694E-2 5.40494E-2 4.90056E-2 5.82166E-2 5.75919E-2 4.95831E-2 4.92009E-2 5.03573E-2 5.63542E-2 5.88665E-2 5.70803E-2 6.14409E-2 6.1554E-2 6.35468E-2 8.44614E-2 1.00311E-1 9.84184E-2 1.02831E-1 1.9538E-1 1.51929E-1 1.09089E-1 6.09461E-2 1.85198E-2 1.90094E-2 2.92392E-2 5.26923E-2 1.12889E-1 1.69572E-1 1.70096E-1 1.86739E-1 3.16491E-1 3.02052E-1 1.8381E-1 1.43992E-1 1.06145E-1 3.70051E-1 3.35649E-1 4.71225E-1 5.16544E-1 5.97103E-1 6.14506E-1 5.59361E-1 3.53491E-1 3.35541E-1 6.55832E-1 2.89388E-1
5.2283E-2 5.07934E-2 4.96352E-2 4.87469E-2 4.75096E-2 4.72855E-2 4.72211E-2 4.68751E-2 4.69846E-2 4.69233E-2 4.69603E-2 4.95861E-2 4.55491E-2 5.06134E-2 4.75365E-2 4.75404E-2 4.65986E-2 4.71301E-2 5.05512E-2 5.22034E-2 4.75438E-2 4.87264E-2 5.18905E-2 5.36299E-2 5.78349E-2 6.04233E-2 6.41803E-2 7.20676E-2 7.57824E-2 1.28983E-1 9.17515E-2 7.54684E-2 1.52672E-1 8.47278E-2 5.41765E-2 4.43014E-2 9.84321E-2 3.85587E-2 1.94111E-2 2.57049E-2 6.52953E-2 8.32365E-2 1.19299E-1 1.40714E-1 2.30092E-1 1.5127E-1 3.3846E-1 1.31658E-1 1.00462E-1 1.1065E-1 2.04933E-1 4.71064E-1 5.08666E-1 5.08171E-1 5.93735E-1 6.43503E-1 6.05894E-1 7.13395E-1 7.87981E-1 6.22271E-1 2.3575E-1
5.17694E-2 5.04014E-2 4.92155E-2 4.81492E-2 4.71631E-2 4.71913E-2 4.71991E-2 4.76372E-2 4.68529E-2 4.69615E-2 4.69769E-2 5.10856E-2 5.19118E-2 5.16029E-2 4.53393E-2 4.68088E-2 4.78321E-2 5.27064E-2 5.4079E-2 5.52063E-2 5.27545E-2 4.83022E-2 4.98574E-2 5.03646E-2 5.44525E-2 6.41424E-2 5.64627E-2 8.00106E-2 1.11556E-1 7.9147E-2 7.26083E-2 8.22175E-2 8.28889E-2 7.24093E-2 5.76629E-2 5.37466E-2 8.32894E-2 3.35156E-2 2.95773E-2 1.96865E-2 3.32645E-2 5.97995E-2 5.79974E-2 6.17075E-2 1.50824E-1 9.0676E-2 9.37333E-2 1.34837E-1 1.05053E-1 3.72721E-1 3.14346E-1 3.31434E-1 3.82764E-1 3.87189E-1 5.88848E-1 6.31556E-1 5.76841E-1 7.39725E-1 7.8781E-1 3.27778E-1 2.44197E-1
5.11782E-2 4.99179E-2 4.9023E-2 4.76539E-2 4.73302E-2 4.70636E-2 4.70078E-2 4.70977E-2 4.69157E-2 4.70519E-2 4.61619E-2 4.60018E-2 4.61762E-2 4.91051E-2 4.89508E-2 4.58955E-2 4.67565E-2 4.78853E-2 5.74693E-2 5.59143E-2 5.01846E-2 4.93425E-2 4.87064E-2 5.67241E-2 5.15325E-2 5.63097E-2 5.93902E-2 8.78933E-2 7.781E-2 6.63531E-2 6.3731E-2 7.91807E-2 7.37825E-2 7.25055E-2 7.81477E-2 5.76021E-2 7.00717E-2 6.14679E-2 2.72963E-2 1.69014E-2 1.81504E-2 4.06601E-2 4.47229E-2 3.07892E-2 5.68547E-2 5.61034E-2 9.19691E-2 1.28198E-1 1.5383E-1 4.03497E-1 2.00159E-1 4.63978E-1 4.72654E-1 5.45112E-1 1.88192E-1 2.77718E-1 6.20418E-1 7.3072E-1 7.77426E-1 6.68288E-1 8.38879E-1
5.05997E-2 4.93767E-2 4.8348E-2 4.71997E-2 4.71255E-2 4.71468E-2 4.70264E-2 4.70233E-2 4.72053E-2 4.68983E-2 4.70638E-2 4.69683E-2 4.69798E-2 4.53789E-2 4.91877E-2 4.91488E-2 4.58502E-2 4.67509E-2 5.70959E-2 5.18141E-2 4.70155E-2 4.71666E-2 5.03677E-2 5.21258E-2 6.12543E-2 5.47424E-2 7.48668E-2 6.36603E-2 5.93318E-2 6.04715E-2 6.23017E-2 7.94371E-2 9.22276E-2 7.542E-2 7.84513E-2 8.12854E-2 5.29555E-2 1.03307E-1 6.71606E-2 2.82883E-2 2.60515E-2 2.08661E-2 2.11315E-2 2.864E-2 3.1959E-2 4.51886E-2 8.01643E-2 7.19637E-2 1.9265E-1 2.90839E-1 2.09442E-1 2.73534E-1 4.97683E-1 4.97394E-1 3.33595E-1 3.74911E-1 6.02573E-1 7.16043E-1 7.16169E-1 7.28309E-1 8.67091E-1
4.98622E-2 4.86682E-2 4.77842E-2 4.74175E-2 4.71483E-2 4.71857E-2 4.70932E-2 4.71477E-2 4.70032E-2 4.71273E-2 4.6992E-2 4.69905E-2 4.52567E-2 4.79777E-2 4.5435E-2 4.69432E-2 4.68616E-2 4.70562E-2 5.15151E-2 4.69941E-2 4.71169E-2 4.70481E-2 4.75315E-2 5.43195E-2 4.9363E-2 5.46433E-2 5.25359E-2 5.44349E-2 6.40627E-2 6.68389E-2 6.27051E-2 6.23162E-2 6.80916E-2 7.74608E-2 7.0218E-2 8.03782E-2 5.7649E-2 4.68767E-2 4.59662E-2 8.21608E-2 3.25738E-2 2.66514E-2 2.85526E-2 2.90816E-2 4.47552E-2 4.48795E-2 4.96367E-2 6.31818E-2 1.73079E-1 3.82456E-1 1.22542E-1 4.34236E-1 4.81517E-1 2.29125E-1 2.06286E-1 2.86033E-1 6.44713E-1 4.2873E-1 4.3872E-1 7.62175E-1 8.53707E-1
