RStudio/Xiphophorus/MaxEnt Models/Xiphophorus malinche/Xiphophorus_malinche.asc
ncols         432
nrows         590
xllcorner     -101.36634685401
yllcorner     19.040437502918
cellsize      0.008333332798
NODATA_value  -9999
[rows 27 to 53 of 590, columns 183 to 243 of 432]
-9999 -9999 7.48508E-2 7.45401E-2 8.33282E-2 1.05618E-1 9.13851E-2 1.09101E-1 8.83715E-2 8.44876E-2 9.61374E-2 1.34957E-1 1.32436E-1 1.10025E-1 9.82623E-2 9.91536E-2 1.2895E-1 1.24856E-1 9.56266E-2 9.27305E-2 8.68611E-2 9.08081E-2 7.93937E-2 6.99489E-2 5.76394E-2 5.47114E-2 4.45043E-2 3.23295E-2 2.37995E-2 1.60415E-2 2.8588E-2 2.90929E-2 2.87998E-2 2.87421E-2 2.8521E-2 3.37872E-2 4.42752E-2 5.29088E-2 7.08826E-2 6.37855E-2 5.81632E-2 5.22784E-2 4.92179E-2 5.30307E-2 3.28144E-2 2.74175E-2 2.14852E-2 1.92349E-2 1.54374E-2 1.31692E-2 7.5075E-3 6.00498E-3 1.00209E-2 1.95095E-2 2.651E-2 3.0729E-2 2.78192E-2 5.82789E-2 7.79086E-2 8.37315E-2 8.54935E-2
-9999 -9999 7.81634E-2 7.13821E-2 8.30316E-2 1.03572E-1 8.73117E-2 8.83168E-2 8.25557E-2 8.63E-2 1.03225E-1 1.32639E-1 1.39917E-1 1.20428E-1 1.17704E-1 1.33131E-1 1.14196E-1 9.53723E-2 1.00251E-1 8.75145E-2 8.53321E-2 8.93132E-2 8.73569E-2 9.2972E-2 8.2667E-2 5.79627E-2 4.00731E-2 2.83864E-2 1.57421E-2 1.91358E-2 2.82026E-2 4.149E-2 4.12934E-2 4.07703E-2 4.07921E-2 4.94017E-2 5.51971E-2 6.78294E-2 8.38949E-2 7.53953E-2 7.41395E-2 6.00673E-2 4.98545E-2 6.69003E-2 4.78576E-2 3.71996E-2 3.09545E-2 2.61786E-2 2.06011E-2 1.48545E-2 1.04497E-2 1.11405E-2 9.33174E-3 1.15019E-2 2.12328E-2 1.67833E-2 3.16486E-2 4.21547E-2 6.58415E-2 9.34004E-2 7.759E-2
-9999 -9999 7.87131E-2 7.40452E-2 9.10049E-2 8.09255E-2 8.00514E-2 7.87031E-2 8.10136E-2 8.24556E-2 8.66333E-2 9.2121E-2 1.2221E-1 1.38953E-1 1.39327E-1 1.22697E-1 9.84702E-2 8.51348E-2 8.48302E-2 8.31236E-2 8.58733E-2 8.50911E-2 8.79969E-2 9.58392E-2 7.1521E-2 5.39268E-2 3.81588E-2 2.57192E-2 1.74359E-2 2.62593E-2 3.28184E-2 4.47132E-2 6.12071E-2 5.82056E-2 5.82786E-2 6.18075E-2 7.30897E-2 9.16243E-2 8.18595E-2 6.56568E-2 5.29678E-2 4.96785E-2 4.84775E-2 4.86549E-2 5.0968E-2 4.59764E-2 4.37697E-2 3.55529E-2 2.62413E-2 2.08546E-2 1.87792E-2 1.25866E-2 1.17538E-2 1.01726E-2 1.28087E-2 1.42241E-2 1.80806E-2 3.32459E-2 5.67014E-2 8.54578E-2 7.31205E-2
-9999 -9999 7.3935E-2 7.86737E-2 9.87881E-2 7.924E-2 7.8232E-2 7.75439E-2 7.91461E-2 8.71145E-2 8.47138E-2 9.23465E-2 1.23502E-1 1.38937E-1 1.32143E-1 9.71896E-2 8.40991E-2 8.2681E-2 8.27908E-2 8.69755E-2 8.62076E-2 8.65204E-2 8.91782E-2 8.94944E-2 6.04564E-2 4.2314E-2 2.97115E-2 2.43882E-2 1.73933E-2 2.40115E-2 3.71678E-2 5.18994E-2 7.34619E-2 8.3344E-2 8.08832E-2 8.65286E-2 9.27614E-2 8.22852E-2 7.37266E-2 7.38329E-2 5.71864E-2 5.87174E-2 4.79746E-2 5.23329E-2 4.89432E-2 4.70466E-2 5.02776E-2 4.55708E-2 3.5317E-2 2.93719E-2 2.56833E-2 1.98664E-2 9.42127E-3 1.38828E-2 1.12388E-2 9.87914E-3 1.63624E-2 2.99447E-2 4.96517E-2 7.28433E-2 6.60992E-2
-9999 -9999 8.05833E-2 8.65289E-2 1.06457E-1 8.94463E-2 7.91007E-2 7.81866E-2 8.47958E-2 -9999 -9999 -9999 -9999 1.35496E-1 1.12699E-1 8.43289E-2 8.26497E-2 8.10386E-2 8.31868E-2 1.02407E-1 9.02411E-2 8.74377E-2 8.84883E-2 8.54081E-2 5.68416E-2 3.99346E-2 2.70299E-2 1.69319E-2 1.63959E-2 2.43493E-2 4.05969E-2 5.83774E-2 8.32354E-2 9.15867E-2 9.22831E-2 8.28192E-2 9.10862E-2 8.98577E-2 7.98238E-2 8.23219E-2 6.19292E-2 5.3556E-2 5.19229E-2 5.06003E-2 5.4824E-2 4.85843E-2 5.91183E-2 4.78056E-2 4.54789E-2 4.12148E-2 3.35056E-2 2.48166E-2 1.35561E-2 1.49265E-2 1.45892E-2 9.85062E-3 1.55394E-2 2.68456E-2 3.81171E-2 4.23618E-2 6.87155E-2
-9999 -9999 -9999 -9999 -9999 -9999 -9999 -9999 -9999 -9999 -9999 -9999 -9999 -9999 8.7523E-2 8.47486E-2 8.54504E-2 8.42295E-2 8.56744E-2 1.04154E-1 9.94615E-2 9.21085E-2 9.00835E-2 7.3135E-2 5.42006E-2 3.93768E-2 2.60902E-2 1.77217E-2 2.36994E-2 2.73817E-2 4.26251E-2 6.11207E-2 8.54277E-2 9.40704E-2 8.85762E-2 8.20294E-2 8.52682E-2 8.70082E-2 8.54331E-2 6.79955E-2 6.13572E-2 5.50447E-2 4.82721E-2 4.83765E-2 5.51132E-2 5.39619E-2 6.08487E-2 4.99958E-2 4.56353E-2 4.38689E-2 4.21152E-2 2.88284E-2 1.73337E-2 1.40101E-2 1.34788E-2 1.08135E-2 1.36682E-2 1.86882E-2 2.33645E-2 3.28158E-2 4.67161E-2
-9999 -9999 -9999 -9999 -9999 -9999 -9999 -9999 -9999 -9999 -9999 -9999 -9999 1.02422E-1 9.95322E-2 1.02029E-1 9.45543E-2 8.29045E-2 9.2941E-2 1.02298E-1 1.0501E-1 9.8649E-2 8.99487E-2 6.63676E-2 4.32398E-2 3.20858E-2 2.70502E-2 1.79566E-2 2.36976E-2 3.39566E-2 4.90665E-2 7.08074E-2 9.12971E-2 8.99967E-2 8.29051E-2 7.49048E-2 7.66189E-2 8.6308E-2 8.13598E-2 6.66238E-2 6.22552E-2 5.44928E-2 6.08481E-2 4.89936E-2 5.16297E-2 5.31029E-2 5.2578E-2 6.15758E-2 4.58894E-2 4.38312E-2 4.27396E-2 3.78381E-2 1.80185E-2 1.11629E-2 1.29394E-2 9.9947E-3 8.25609E-3 1.45279E-2 1.71548E-2 2.338E-2 2.70071E-2
-9999 -9999 -9999 -9999 -9999 -9999 -9999 -9999 -9999 -9999 -9999 -9999 -9999 1.13943E-1 1.15778E-1 1.22684E-1 1.04503E-1 9.52745E-2 9.8793E-2 1.18004E-1 1.27297E-1 1.12305E-1 8.61324E-2 5.64266E-2 3.93796E-2 2.73238E-2 1.84512E-2 1.77843E-2 2.40179E-2 3.3756E-2 5.02448E-2 8.19096E-2 9.05664E-2 8.80334E-2 8.60817E-2 8.01257E-2 6.25747E-2 7.81775E-2 8.24297E-2 7.55003E-2 7.22705E-2 5.41634E-2 5.33989E-2 5.08042E-2 5.017E-2 5.15278E-2 4.73459E-2 5.86648E-2 4.65951E-2 4.33911E-2 4.35842E-2 3.96173E-2 2.82451E-2 1.31896E-2 1.36882E-2 1.34367E-2 1.03155E-2 9.29971E-3 1.33991E-2 1.59933E-2 2.14061E-2
-9999 -9999 -9999 -9999 -9999 -9999 -9999 -9999 -9999 -9999 -9999 -9999 -9999 -9999 -9999 1.18102E-1 1.17099E-1 9.4153E-2 9.51123E-2 1.22384E-1 1.10497E-1 9.44243E-2 8.12247E-2 5.61974E-2 3.81594E-2 2.59828E-2 1.83282E-2 2.71599E-2 2.81378E-2 3.73989E-2 5.27953E-2 8.0729E-2 8.90748E-2 8.71609E-2 7.85517E-2 7.1971E-2 5.94267E-2 6.66642E-2 7.91387E-2 7.99594E-2 6.35475E-2 5.47248E-2 4.65916E-2 5.16109E-2 4.57872E-2 4.89041E-2 4.51151E-2 5.37832E-2 5.05138E-2 4.47661E-2 4.37577E-2 4.32086E-2 3.28911E-2 2.24443E-2 1.21951E-2 1.48145E-2 1.3867E-2 8.90853E-3 8.78421E-3 1.28894E-2 1.38349E-2
-9999 -9999 -9999 -9999 -9999 -9999 -9999 -9999 -9999 -9999 -9999 -9999 -9999 -9999 -9999 -9999 -9999 -9999 -9999 -9999 -9999 1.10526E-1 8.85375E-2 5.75586E-2 3.93779E-2 2.73153E-2 1.89284E-2 2.66373E-2 3.54533E-2 4.68242E-2 6.23779E-2 9.029E-2 8.80098E-2 8.66742E-2 8.55942E-2 7.88133E-2 6.5106E-2 5.6852E-2 7.15808E-2 7.74194E-2 6.86063E-2 5.74663E-2 4.53777E-2 4.36763E-2 4.51235E-2 4.78878E-2 4.3692E-2 4.78089E-2 5.90597E-2 4.48407E-2 4.3452E-2 4.26679E-2 4.09219E-2 2.48397E-2 1.44833E-2 1.12734E-2 1.4568E-2 1.27118E-2 4.55023E-3 6.53185E-3 1.48029E-2
-9999 -9999 -9999 -9999 -9999 -9999 -9999 -9999 -9999 -9999 -9999 -9999 -9999 -9999 -9999 -9999 -9999 -9999 -9999 -9999 -9999 -9999 8.35665E-2 5.55813E-2 3.89684E-2 2.62995E-2 1.79381E-2 2.55351E-2 3.53967E-2 4.98878E-2 7.48566E-2 8.87424E-2 8.68075E-2 8.56894E-2 8.38454E-2 7.87391E-2 7.04183E-2 5.04687E-2 6.26191E-2 7.49429E-2 6.68226E-2 6.51483E-2 5.13241E-2 4.27337E-2 4.37418E-2 4.3762E-2 4.26437E-2 4.60297E-2 5.66456E-2 4.49572E-2 4.3232E-2 4.19407E-2 4.17049E-2 3.28298E-2 3.19274E-2 1.42791E-2 9.80434E-3 8.09065E-3 4.57529E-3 7.12867E-3 8.30057E-3
-9999 -9999 -9999 -9999 -9999 -9999 -9999 -9999 -9999 -9999 -9999 -9999 -9999 -9999 -9999 -9999 -9999 -9999 -9999 -9999 -9999 -9999 -9999 5.61787E-2 3.84703E-2 2.70302E-2 1.87884E-2 2.667E-2 3.66064E-2 5.15263E-2 7.60293E-2 8.84831E-2 8.64392E-2 8.57197E-2 8.25759E-2 7.13076E-2 6.55311E-2 4.87303E-2 5.55008E-2 5.68417E-2 5.7614E-2 6.01736E-2 5.00671E-2 4.22685E-2 4.1052E-2 4.13317E-2 4.14327E-2 4.47387E-2 5.63238E-2 4.48016E-2 4.21548E-2 4.12502E-2 4.12025E-2 3.84544E-2 3.07005E-2 2.82321E-2 1.34971E-2 7.6899E-3 6.68506E-3 4.59548E-3 6.12284E-3
-9999 -9999 -9999 -9999 -9999 -9999 -9999 -9999 -9999 -9999 -9999 -9999 -9999 -9999 -9999 -9999 -9999 -9999 -9999 -9999 -9999 -9999 -9999 5.91609E-2 3.94332E-2 2.85062E-2 1.87116E-2 2.6844E-2 3.69196E-2 5.15858E-2 7.75796E-2 8.85803E-2 8.67787E-2 8.50684E-2 8.2747E-2 7.53906E-2 6.39213E-2 5.51125E-2 4.86196E-2 4.24709E-2 4.57438E-2 5.1975E-2 4.98452E-2 4.08754E-2 3.9826E-2 4.05844E-2 4.04323E-2 4.26258E-2 4.77733E-2 4.43178E-2 4.13877E-2 4.07487E-2 4.07081E-2 4.11079E-2 3.66384E-2 2.21176E-2 1.84533E-2 1.10007E-2 7.52154E-3 8.04757E-3 5.21626E-3
-9999 -9999 -9999 -9999 -9999 -9999 -9999 -9999 -9999 -9999 -9999 -9999 -9999 -9999 -9999 -9999 -9999 -9999 -9999 -9999 -9999 -9999 -9999 6.0759E-2 4.09821E-2 2.73132E-2 1.86322E-2 2.66894E-2 3.70047E-2 5.14245E-2 7.73947E-2 8.77533E-2 8.59274E-2 8.3696E-2 8.13443E-2 7.94216E-2 7.58004E-2 6.54348E-2 5.30836E-2 5.16286E-2 4.11282E-2 3.97353E-2 3.92212E-2 3.77362E-2 3.84586E-2 3.94089E-2 3.94893E-2 4.04646E-2 4.34883E-2 4.26019E-2 4.04576E-2 4.03821E-2 4.06207E-2 4.13793E-2 3.67906E-2 2.87994E-2 1.91093E-2 1.32046E-2 1.00807E-2 8.04304E-3 6.72467E-3
-9999 -9999 -9999 -9999 -9999 -9999 -9999 -9999 -9999 -9999 -9999 -9999 -9999 -9999 -9999 -9999 -9999 -9999 -9999 -9999 -9999 -9999 -9999 -9999 3.85377E-2 2.62421E-2 1.78553E-2 2.55034E-2 3.59375E-2 5.13123E-2 7.65139E-2 8.74071E-2 8.62539E-2 8.415E-2 8.22362E-2 7.00684E-2 7.2153E-2 7.36401E-2 5.52912E-2 6.82514E-2 5.27736E-2 4.43118E-2 4.03888E-2 4.21876E-2 3.81359E-2 3.77847E-2 3.81665E-2 4.04107E-2 4.26682E-2 4.13337E-2 4.0127E-2 4.02563E-2 4.04402E-2 4.08498E-2 4.15127E-2 4.23461E-2 3.5936E-2 1.81854E-2 1.25695E-2 9.37988E-3 7.77229E-3
-9999 -9999 -9999 -9999 -9999 -9999 -9999 -9999 -9999 -9999 -9999 -9999 -9999 -9999 -9999 -9999 -9999 -9999 -9999 -9999 -9999 -9999 -9999 -9999 3.96055E-2 2.67596E-2 1.85071E-2 2.63453E-2 3.54852E-2 5.17463E-2 7.93342E-2 8.77041E-2 8.62669E-2 8.40643E-2 8.14283E-2 6.95324E-2 7.13678E-2 7.73016E-2 6.11447E-2 6.71356E-2 5.75561E-2 6.32227E-2 5.03581E-2 4.71596E-2 4.05605E-2 3.9093E-2 3.79224E-2 3.81715E-2 3.81889E-2 4.01414E-2 4.02935E-2 4.01599E-2 4.06762E-2 4.13257E-2 4.1489E-2 4.16651E-2 3.68553E-2 2.23188E-2 1.42463E-2 9.87032E-3 7.56992E-3
-9999 -9999 -9999 -9999 -9999 -9999 -9999 -9999 -9999 -9999 -9999 -9999 -9999 -9999 -9999 -9999 -9999 -9999 -9999 -9999 -9999 -9999 -9999 -9999 3.8979E-2 2.6553E-2 1.85556E-2 2.56186E-2 3.52265E-2 4.99449E-2 6.74724E-2 8.66579E-2 8.62763E-2 8.42971E-2 8.0309E-2 6.40053E-2 7.03192E-2 7.78283E-2 6.68258E-2 6.18848E-2 6.01694E-2 4.62949E-2 5.61483E-2 5.17226E-2 4.09959E-2 3.89765E-2 3.82334E-2 3.86827E-2 3.84488E-2 3.82631E-2 3.78653E-2 3.82142E-2 3.88267E-2 3.93744E-2 4.07677E-2 4.12589E-2 4.1477E-2 2.58665E-2 1.75595E-2 1.21388E-2 9.62495E-3
-9999 -9999 -9999 -9999 -9999 -9999 -9999 -9999 -9999 -9999 -9999 -9999 -9999 -9999 -9999 -9999 -9999 -9999 -9999 -9999 -9999 -9999 -9999 -9999 3.83725E-2 2.61179E-2 1.7563E-2 2.45227E-2 2.74317E-2 3.8084E-2 5.88482E-2 8.23336E-2 8.65453E-2 8.45069E-2 8.28068E-2 6.74391E-2 6.93944E-2 7.79208E-2 7.06049E-2 7.22998E-2 5.79824E-2 4.56196E-2 4.32359E-2 4.67965E-2 4.29064E-2 3.86387E-2 3.75611E-2 3.72689E-2 3.76732E-2 3.83232E-2 3.85468E-2 3.87576E-2 3.88587E-2 3.94958E-2 3.97346E-2 3.53262E-2 3.55347E-2 2.85109E-2 2.3541E-2 1.72163E-2 1.18356E-2
-9999 -9999 -9999 -9999 -9999 -9999 -9999 -9999 -9999 -9999 -9999 -9999 -9999 -9999 -9999 -9999 -9999 -9999 -9999 -9999 -9999 -9999 -9999 -9999 3.86789E-2 2.63826E-2 1.84567E-2 1.74809E-2 2.4539E-2 3.34608E-2 5.21707E-2 7.71319E-2 8.64213E-2 8.15512E-2 7.20817E-2 6.66483E-2 6.13328E-2 7.00242E-2 6.90458E-2 7.08958E-2 6.4371E-2 4.95027E-2 4.62285E-2 3.98992E-2 4.70708E-2 3.90343E-2 3.71864E-2 3.68682E-2 3.69217E-2 3.72278E-2 3.73993E-2 3.784E-2 3.82592E-2 3.86945E-2 3.9548E-2 4.01498E-2 3.46183E-2 2.88037E-2 2.75583E-2 2.77343E-2 1.54528E-2
-9999 -9999 -9999 -9999 -9999 -9999 -9999 -9999 -9999 -9999 -9999 -9999 -9999 -9999 -9999 -9999 -9999 -9999 -9999 -9999 -9999 -9999 -9999 -9999 4.11201E-2 2.99494E-2 2.48956E-2 1.66378E-2 2.44191E-2 3.2951E-2 5.22337E-2 7.58733E-2 8.6868E-2 8.14697E-2 8.06696E-2 7.29277E-2 5.76149E-2 5.67445E-2 5.48457E-2 4.8061E-2 5.62759E-2 4.57283E-2 4.09888E-2 3.99423E-2 4.02474E-2 3.98247E-2 3.67155E-2 3.63366E-2 3.62345E-2 3.65562E-2 3.68652E-2 3.71411E-2 3.75469E-2 3.82745E-2 3.85939E-2 3.92366E-2 3.56352E-2 2.93938E-2 2.69456E-2 2.45107E-2 1.82649E-2
-9999 -9999 -9999 -9999 -9999 -9999 -9999 -9999 -9999 -9999 -9999 -9999 -9999 -9999 -9999 -9999 -9999 -9999 -9999 -9999 -9999 -9999 -9999 -9999 5.08664E-2 3.74108E-2 2.51432E-2 1.62244E-2 2.37617E-2 3.34743E-2 4.96577E-2 7.19113E-2 8.45392E-2 8.45238E-2 8.20531E-2 7.78272E-2 6.01793E-2 5.93529E-2 5.10383E-2 4.5516E-2 4.57089E-2 4.28869E-2 3.97915E-2 3.84507E-2 3.8385E-2 4.0679E-2 3.62296E-2 3.60261E-2 3.58919E-2 3.62453E-2 3.65954E-2 3.72544E-2 3.76578E-2 3.78523E-2 3.83174E-2 3.84954E-2 3.36669E-2 2.95247E-2 3.016E-2 2.49842E-2 2.08934E-2
-9999 -9999 -9999 -9999 -9999 -9999 -9999 -9999 -9999 -9999 -9999 -9999 -9999 -9999 -9999 -9999 -9999 -9999 -9999 -9999 -9999 -9999 -9999 -9999 -9999 3.68784E-2 2.44897E-2 1.59654E-2 2.25359E-2 3.12622E-2 4.45806E-2 6.81506E-2 8.48646E-2 8.41107E-2 8.23983E-2 8.13328E-2 7.92123E-2 7.56916E-2 6.63086E-2 4.58937E-2 4.50623E-2 4.3392E-2 4.2843E-2 3.88087E-2 3.76925E-2 3.79599E-2 3.69372E-2 3.56847E-2 3.57892E-2 3.61857E-2 3.66975E-2 3.70898E-2 3.73791E-2 3.73274E-2 3.77878E-2 3.85108E-2 3.92439E-2 3.98852E-2 3.22756E-2 2.99425E-2 2.37006E-2
-9999 -9999 -9999 -9999 -9999 -9999 -9999 -9999 -9999 -9999 -9999 -9999 -9999 -9999 -9999 -9999 -9999 -9999 -9999 -9999 -9999 -9999 -9999 -9999 -9999 3.71235E-2 2.49184E-2 1.60096E-2 2.3265E-2 3.54704E-2 4.14764E-2 5.9014E-2 8.43158E-2 8.48239E-2 8.43067E-2 8.16026E-2 7.33718E-2 7.8376E-2 6.55948E-2 5.52748E-2 6.08096E-2 5.91309E-2 4.32363E-2 3.99301E-2 3.81311E-2 3.71559E-2 3.66766E-2 3.56609E-2 3.55514E-2 3.61142E-2 3.6522E-2 3.66996E-2 3.70185E-2 3.73898E-2 3.7898E-2 3.87859E-2 3.93007E-2 3.98224E-2 3.5727E-2 2.96979E-2 2.73448E-2
-9999 -9999 -9999 -9999 -9999 -9999 -9999 -9999 -9999 -9999 -9999 -9999 -9999 -9999 -9999 -9999 -9999 -9999 -9999 -9999 -9999 -9999 -9999 -9999 -9999 -9999 2.50365E-2 1.60609E-2 2.3034E-2 2.93308E-2 3.23101E-2 5.10269E-2 7.57128E-2 8.28135E-2 8.33211E-2 7.97813E-2 7.07519E-2 7.28683E-2 7.05464E-2 6.61347E-2 6.77487E-2 5.64067E-2 5.14844E-2 4.20865E-2 3.83034E-2 3.72612E-2 3.62907E-2 3.60344E-2 3.56052E-2 3.57333E-2 3.60197E-2 3.63032E-2 3.67459E-2 3.72033E-2 3.7891E-2 3.86057E-2 3.92809E-2 3.99021E-2 4.05016E-2 3.52623E-2 3.1557E-2
-9999 -9999 -9999 -9999 -9999 -9999 -9999 -9999 -9999 -9999 -9999 -9999 -9999 -9999 -9999 -9999 -9999 -9999 -9999 -9999 -9999 -9999 -9999 -9999 -9999 -9999 2.53154E-2 1.64315E-2 1.61187E-2 2.47181E-2 2.92576E-2 4.7588E-2 7.47058E-2 8.52698E-2 8.39558E-2 8.17436E-2 6.87749E-2 5.80928E-2 6.27101E-2 7.01484E-2 6.91875E-2 4.85906E-2 4.29506E-2 4.05324E-2 3.88194E-2 3.75132E-2 4.02896E-2 3.70847E-2 3.57967E-2 3.52653E-2 3.5642E-2 3.60943E-2 3.65211E-2 3.7108E-2 3.76695E-2 3.82389E-2 3.87385E-2 3.94082E-2 4.0195E-2 3.72717E-2 3.30499E-2
-9999 -9999 -9999 -9999 -9999 -9999 -9999 -9999 -9999 -9999 -9999 -9999 -9999 -9999 -9999 -9999 -9999 -9999 -9999 -9999 -9999 -9999 -9999 -9999 -9999 -9999 3.02852E-2 2.37702E-2 1.5773E-2 2.39101E-2 2.96842E-2 4.81432E-2 6.99792E-2 8.41791E-2 8.31994E-2 7.64905E-2 6.74528E-2 5.58631E-2 5.83536E-2 6.62333E-2 6.51168E-2 5.86733E-2 5.12721E-2 4.94543E-2 4.07553E-2 3.84127E-2 3.99514E-2 3.77749E-2 3.56909E-2 3.48452E-2 3.52579E-2 3.58269E-2 3.62172E-2 3.67782E-2 3.73419E-2 3.78909E-2 3.85257E-2 3.91689E-2 3.86903E-2 3.62693E-2 3.42209E-2
-9999 -9999 -9999 -9999 -9999 -9999 -9999 -9999 -9999 -9999 -9999 -9999 -9999 -9999 -9999 -9999 -9999 -9999 -9999 -9999 -9999 -9999 -9999 -9999 -9999 -9999 -9999 2.40688E-2 1.52876E-2 2.41914E-2 2.87166E-2 4.29856E-2 6.83833E-2 8.10299E-2 8.28262E-2 8.10525E-2 6.98555E-2 5.5434E-2 5.0221E-2 5.19038E-2 6.28594E-2 6.56189E-2 6.08556E-2 4.90287E-2 4.16488E-2 3.92395E-2 4.03325E-2 4.00152E-2 3.61034E-2 3.55261E-2 3.58241E-2 3.60728E-2 3.61703E-2 3.63954E-2 3.70694E-2 3.76805E-2 3.83371E-2 3.90068E-2 3.8776E-2 3.40628E-2 3.31165E-2
