RStudio/Xiphophorus/MaxEnt Models/Xiphophorus multilineatus/Xiphophorus_multilineatus.asc
ncols         432
nrows         590
xllcorner     -101.36634685401
yllcorner     19.040437502918
cellsize      0.008333332798
NODATA_value  -9999
[rows 297 to 323 of 590, columns 366 to 426 of 432]
7.57071E-2 7.44153E-2 6.88097E-2 6.79199E-2 6.72326E-2 6.75612E-2 6.69074E-2 6.46985E-2 6.56086E-2 6.48941E-2 6.29133E-2 6.36713E-2 6.34302E-2 6.07802E-2 5.81382E-2 5.76788E-2 5.74689E-2 5.70536E-2 5.72942E-2 5.67478E-2 5.68544E-2 5.71341E-2 5.67945E-2 5.66522E-2 5.67324E-2 5.63577E-2 6.01498E-2 5.96542E-2 5.99506E-2 5.92506E-2 5.8614E-2 5.86916E-2 5.9061E-2 5.94705E-2 5.98397E-2 6.12007E-2 6.27948E-2 6.34293E-2 7.17714E-2 7.17234E-2 7.28605E-2 7.44805E-2 7.51625E-2 7.36116E-2 7.44022E-2 -9999 -9999 -9999 -9999 -9999 -9999 -9999 -9999 -9999 -9999 -9999 -9999 -9999 -9999 -9999 -9999
7.64174E-2 7.49552E-2 6.8977E-2 6.79739E-2 6.73408E-2 6.59972E-2 6.74581E-2 6.56271E-2 6.5814E-2 6.52076E-2 6.43246E-2 6.40028E-2 6.23457E-2 6.0788E-2 5.85377E-2 5.81559E-2 5.77391E-2 5.72013E-2 5.7804E-2 5.71437E-2 5.72672E-2 5.78104E-2 5.84172E-2 5.80511E-2 5.76352E-2 5.7729E-2 6.09094E-2 6.08237E-2 6.09812E-2 6.07781E-2 6.04204E-2 5.94069E-2 5.9779E-2 6.01458E-2 6.04958E-2 6.19181E-2 6.35137E-2 6.41211E-2 7.29843E-2 7.28948E-2 7.42802E-2 7.54907E-2 7.61875E-2 7.53588E-2 7.57652E-2 -9999 -9999 -9999 -9999 -9999 -9999 -9999 -9999 -9999 -9999 -9999 -9999 -9999 -9999 -9999 -9999
7.68298E-2 7.54264E-2 6.94293E-2 6.83846E-2 6.7138E-2 6.62695E-2 6.54294E-2 6.7159E-2 6.62001E-2 6.57914E-2 6.49933E-2 6.46466E-2 6.34132E-2 6.1879E-2 5.90123E-2 5.84844E-2 5.81115E-2 5.80498E-2 5.81207E-2 5.81164E-2 5.8851E-2 5.81407E-2 5.80044E-2 5.75065E-2 5.71688E-2 5.73296E-2 6.12557E-2 6.12872E-2 6.09015E-2 5.98791E-2 5.99836E-2 6.02867E-2 6.07084E-2 6.09863E-2 6.11451E-2 6.29189E-2 6.44037E-2 6.47267E-2 7.3771E-2 7.39562E-2 7.48674E-2 7.59838E-2 7.74179E-2 7.6724E-2 7.7498E-2 -9999 -9999 -9999 -9999 -9999 -9999 -9999 -9999 -9999 -9999 -9999 -9999 -9999 -9999 -9999 -9999
7.73296E-2 7.59322E-2 7.01156E-2 6.90075E-2 6.77413E-2 6.6619E-2 6.63046E-2 6.68581E-2 6.6509E-2 6.60472E-2 6.55046E-2 6.47384E-2 6.32153E-2 6.26223E-2 5.95716E-2 5.91069E-2 5.8906E-2 5.85741E-2 5.8825E-2 5.95946E-2 5.86393E-2 5.83017E-2 5.8426E-2 5.88604E-2 5.85019E-2 5.76299E-2 6.08125E-2 6.11362E-2 6.08892E-2 6.06608E-2 6.08024E-2 6.12826E-2 6.20141E-2 6.22742E-2 6.28508E-2 6.3692E-2 6.50481E-2 6.5385E-2 7.465E-2 7.49269E-2 7.53879E-2 7.67824E-2 7.80399E-2 7.86054E-2 7.9648E-2 7.94005E-2 -9999 -9999 -9999 -9999 -9999 -9999 -9999 -9999 -9999 -9999 -9999 -9999 -9999 -9999 -9999
7.77627E-2 7.63815E-2 7.03425E-2 6.93421E-2 6.83525E-2 6.74096E-2 6.64439E-2 6.64166E-2 6.62622E-2 6.66517E-2 6.56426E-2 6.34853E-2 6.27714E-2 6.2606E-2 6.00688E-2 5.99242E-2 5.94394E-2 5.95852E-2 5.91526E-2 5.9945E-2 5.92413E-2 6.01313E-2 5.98779E-2 5.9153E-2 5.817E-2 5.95355E-2 6.2936E-2 6.13059E-2 6.13711E-2 6.14941E-2 6.16617E-2 6.25394E-2 6.32882E-2 6.37964E-2 6.42388E-2 6.51006E-2 6.63817E-2 6.63108E-2 7.58278E-2 7.59252E-2 7.6456E-2 7.70842E-2 7.8823E-2 8.17542E-2 8.17854E-2 8.0245E-2 -9999 -9999 -9999 -9999 -9999 -9999 -9999 -9999 -9999 -9999 -9999 -9999 -9999 -9999 -9999
7.82543E-2 7.70005E-2 7.08871E-2 7.00416E-2 6.88491E-2 6.79381E-2 6.7016E-2 6.64677E-2 6.66702E-2 6.74267E-2 6.61987E-2 6.48852E-2 6.3469E-2 6.30701E-2 6.05769E-2 6.05186E-2 6.03818E-2 5.9965E-2 6.13629E-2 6.1628E-2 6.20128E-2 5.98057E-2 5.94712E-2 5.97191E-2 6.05541E-2 6.06237E-2 6.42326E-2 6.26446E-2 6.22755E-2 6.24482E-2 6.26878E-2 6.39243E-2 6.4811E-2 6.49429E-2 6.53052E-2 6.636E-2 6.74146E-2 6.71717E-2 7.66397E-2 7.7215E-2 7.78075E-2 7.78037E-2 7.94127E-2 8.15568E-2 8.26566E-2 8.27057E-2 -9999 -9999 -9999 -9999 -9999 -9999 -9999 -9999 -9999 -9999 -9999 -9999 -9999 -9999 -9999
7.90914E-2 7.73854E-2 7.15282E-2 7.0789E-2 6.962E-2 6.90026E-2 6.77509E-2 6.73754E-2 6.73859E-2 6.82357E-2 6.66327E-2 6.53169E-2 6.41483E-2 6.36427E-2 6.14869E-2 6.0993E-2 6.09408E-2 6.06898E-2 6.06036E-2 6.24139E-2 6.1126E-2 6.0545E-2 6.04495E-2 6.09789E-2 6.08002E-2 6.09343E-2 6.50558E-2 6.41052E-2 6.32359E-2 6.36401E-2 6.37624E-2 6.45497E-2 6.76894E-2 6.62632E-2 6.66443E-2 6.77484E-2 6.82752E-2 6.79968E-2 7.84966E-2 7.86892E-2 7.92116E-2 7.90517E-2 7.98395E-2 8.28252E-2 8.40039E-2 8.41031E-2 -9999 -9999 -9999 -9999 -9999 -9999 -9999 -9999 -9999 -9999 -9999 -9999 -9999 -9999 -9999
7.98619E-2 7.8392E-2 7.18963E-2 7.09993E-2 7.00243E-2 6.91067E-2 6.91319E-2 6.86499E-2 6.85301E-2 6.8771E-2 6.6657E-2 6.54972E-2 6.50783E-2 6.4957E-2 6.22095E-2 6.16092E-2 6.21024E-2 6.18942E-2 6.28038E-2 6.35702E-2 6.30491E-2 6.14289E-2 6.14828E-2 6.11104E-2 6.16781E-2 6.20459E-2 6.67272E-2 6.50508E-2 6.43957E-2 6.48424E-2 6.49934E-2 6.50537E-2 6.62717E-2 6.84351E-2 6.91306E-2 6.90117E-2 6.92912E-2 6.98018E-2 8.03607E-2 8.06408E-2 8.0324E-2 8.01026E-2 8.0909E-2 8.31253E-2 8.41975E-2 -9999 -9999 -9999 -9999 -9999 -9999 -9999 -9999 -9999 -9999 -9999 -9999 -9999 -9999 -9999 -9999
8.00497E-2 7.90992E-2 7.26439E-2 7.16687E-2 7.05902E-2 6.96879E-2 6.87708E-2 6.82454E-2 6.80536E-2 6.85114E-2 6.73494E-2 6.69061E-2 6.62108E-2 6.53983E-2 6.25756E-2 6.25464E-2 6.36915E-2 6.41214E-2 6.4356E-2 6.59594E-2 6.49223E-2 6.29245E-2 6.22403E-2 6.20126E-2 6.15524E-2 6.16189E-2 6.58678E-2 6.55194E-2 6.52758E-2 6.59806E-2 6.68277E-2 6.64227E-2 6.64914E-2 6.83736E-2 7.00817E-2 7.02518E-2 7.06766E-2 7.08097E-2 8.14979E-2 8.26671E-2 8.15158E-2 8.10594E-2 8.13739E-2 8.29245E-2 8.80124E-2 -9999 -9999 -9999 -9999 -9999 -9999 -9999 -9999 -9999 -9999 -9999 -9999 -9999 -9999 -9999 -9999
7.98588E-2 7.91839E-2 7.32513E-2 7.22874E-2 7.14469E-2 7.05357E-2 6.96362E-2 6.8731E-2 6.79166E-2 6.78589E-2 6.88035E-2 6.76473E-2 6.66748E-2 6.60924E-2 6.3451E-2 6.40951E-2 6.70044E-2 6.58357E-2 6.47579E-2 6.51442E-2 6.62766E-2 6.31944E-2 6.30409E-2 6.28959E-2 6.25497E-2 6.21606E-2 6.62764E-2 6.63783E-2 6.69979E-2 6.75324E-2 6.78346E-2 6.7678E-2 6.74799E-2 6.88929E-2 7.14463E-2 7.08591E-2 7.19949E-2 7.14351E-2 8.31909E-2 8.42247E-2 8.24677E-2 8.20083E-2 8.2385E-2 8.27599E-2 8.36964E-2 8.40385E-2 -9999 -9999 -9999 -9999 -9999 -9999 -9999 -9999 -9999 -9999 -9999 -9999 -9999 -9999 -9999
7.83764E-2 7.74525E-2 6.24935E-2 6.13966E-2 6.04633E-2 6.004E-2 5.94473E-2 5.87192E-2 5.78239E-2 5.79049E-2 5.87786E-2 5.87278E-2 5.67752E-2 5.65026E-2 5.28061E-2 5.30474E-2 5.31838E-2 5.39902E-2 5.30104E-2 5.18254E-2 5.25767E-2 5.22565E-2 5.2347E-2 5.21535E-2 5.15622E-2 5.13257E-2 6.06578E-2 6.12691E-2 6.19426E-2 6.22586E-2 6.23298E-2 6.21347E-2 6.20222E-2 6.26113E-2 6.49238E-2 6.67158E-2 6.68467E-2 6.53582E-2 7.86747E-2 7.82449E-2 7.8572E-2 7.77574E-2 7.79067E-2 7.83739E-2 7.86551E-2 7.9557E-2 -9999 -9999 -9999 -9999 -9999 -9999 -9999 -9999 -9999 -9999 -9999 -9999 -9999 -9999 -9999
7.90824E-2 7.79727E-2 6.28838E-2 6.20879E-2 6.11375E-2 6.04033E-2 5.96581E-2 5.91285E-2 5.8434E-2 5.81266E-2 5.8335E-2 5.80178E-2 5.77751E-2 5.73728E-2 5.39325E-2 5.36139E-2 5.33944E-2 5.37928E-2 5.29726E-2 5.27268E-2 5.25555E-2 5.28054E-2 5.29808E-2 5.26353E-2 5.23992E-2 5.21952E-2 6.20523E-2 6.23079E-2 6.32817E-2 6.34657E-2 6.3153E-2 6.30943E-2 6.32582E-2 6.32853E-2 6.54965E-2 6.57689E-2 6.6667E-2 6.83876E-2 8.29662E-2 8.31663E-2 7.95647E-2 8.00009E-2 7.897E-2 7.91841E-2 7.98119E-2 8.00187E-2 8.08701E-2 -9999 -9999 -9999 -9999 -9999 -9999 -9999 -9999 -9999 -9999 -9999 -9999 -9999 -9999
8.05015E-2 7.8606E-2 6.33219E-2 6.23502E-2 6.13752E-2 6.03476E-2 5.96624E-2 5.95181E-2 5.8924E-2 5.87869E-2 5.8467E-2 5.85436E-2 5.84399E-2 5.83209E-2 5.51633E-2 5.42115E-2 5.3753E-2 5.38404E-2 5.344E-2 5.33996E-2 5.33556E-2 5.3512E-2 5.33481E-2 5.31823E-2 5.30115E-2 5.32346E-2 6.36929E-2 6.39904E-2 6.4477E-2 6.42577E-2 6.40189E-2 6.41329E-2 6.42035E-2 6.619E-2 6.63598E-2 6.51409E-2 6.64045E-2 6.80571E-2 8.49849E-2 8.57924E-2 8.00002E-2 8.0524E-2 8.09139E-2 8.01546E-2 8.11185E-2 8.12494E-2 8.13032E-2 8.17717E-2 -9999 -9999 -9999 -9999 -9999 -9999 -9999 -9999 -9999 -9999 -9999 -9999 -9999
8.0688E-2 7.94211E-2 6.42213E-2 6.29099E-2 6.1716E-2 6.10049E-2 6.01893E-2 5.99653E-2 6.00299E-2 5.92526E-2 5.83602E-2 5.94145E-2 5.9308E-2 5.87602E-2 5.54163E-2 5.5421E-2 5.62398E-2 5.45517E-2 5.4354E-2 5.4437E-2 5.44957E-2 5.44493E-2 5.43827E-2 5.39765E-2 5.3759E-2 5.45346E-2 6.50907E-2 6.56423E-2 6.57227E-2 6.50433E-2 6.507E-2 6.49285E-2 6.68106E-2 6.53173E-2 6.66005E-2 6.54537E-2 6.68441E-2 6.82881E-2 8.14835E-2 8.70838E-2 8.652E-2 8.04643E-2 8.28827E-2 8.12811E-2 8.12171E-2 8.25887E-2 8.20488E-2 8.26561E-2 -9999 -9999 -9999 -9999 -9999 -9999 -9999 -9999 -9999 -9999 -9999 -9999 -9999
8.26323E-2 8.12741E-2 6.57767E-2 6.45623E-2 6.30395E-2 6.14381E-2 6.0883E-2 6.0237E-2 5.95568E-2 5.94091E-2 5.85307E-2 5.89493E-2 5.8644E-2 5.87777E-2 5.5762E-2 5.56365E-2 5.56351E-2 5.57182E-2 5.5354E-2 5.52519E-2 5.52971E-2 5.53203E-2 5.51262E-2 5.47991E-2 5.49635E-2 5.5719E-2 6.60812E-2 6.63745E-2 6.63917E-2 6.54704E-2 6.70814E-2 6.6589E-2 6.61146E-2 6.62599E-2 6.65804E-2 6.74089E-2 6.79199E-2 6.87106E-2 8.35792E-2 8.84188E-2 8.73524E-2 8.46615E-2 8.50475E-2 8.19258E-2 8.20781E-2 8.52982E-2 8.3316E-2 8.48236E-2 8.42875E-2 -9999 -9999 -9999 -9999 -9999 -9999 -9999 -9999 -9999 -9999 -9999 -9999
8.43427E-2 8.31039E-2 6.63208E-2 6.46624E-2 6.29629E-2 6.2015E-2 6.25053E-2 6.16097E-2 5.96914E-2 5.93382E-2 5.90806E-2 5.88852E-2 5.89466E-2 5.9504E-2 5.55361E-2 5.57458E-2 5.59846E-2 5.6055E-2 5.59421E-2 5.59142E-2 5.62405E-2 5.60924E-2 5.5922E-2 5.57765E-2 5.62842E-2 5.66219E-2 6.72849E-2 6.73353E-2 6.78183E-2 6.69587E-2 6.75029E-2 6.70635E-2 6.73043E-2 6.73096E-2 6.73212E-2 6.84736E-2 6.89631E-2 6.9133E-2 8.85701E-2 8.83282E-2 8.94311E-2 8.98285E-2 9.02122E-2 8.26495E-2 8.55722E-2 8.57239E-2 8.71082E-2 8.71059E-2 8.6517E-2 -9999 -9999 -9999 -9999 -9999 -9999 -9999 -9999 -9999 -9999 -9999 -9999
8.4243E-2 8.30452E-2 6.64272E-2 6.46512E-2 6.39793E-2 6.33586E-2 6.21273E-2 6.33808E-2 6.74737E-2 5.97776E-2 5.94642E-2 5.96348E-2 5.97889E-2 6.01593E-2 5.63336E-2 5.66625E-2 5.6806E-2 5.6922E-2 5.70356E-2 5.69411E-2 5.71968E-2 5.6943E-2 5.68676E-2 5.68689E-2 5.69746E-2 5.77324E-2 6.84701E-2 6.89414E-2 6.88093E-2 6.81095E-2 6.84884E-2 6.83794E-2 6.83132E-2 6.83799E-2 6.8378E-2 6.992E-2 7.04619E-2 7.17816E-2 8.76434E-2 9.01156E-2 9.13883E-2 8.80656E-2 9.28595E-2 8.73175E-2 8.79646E-2 8.9637E-2 9.01725E-2 8.94026E-2 8.85858E-2 -9999 -9999 -9999 -9999 -9999 -9999 -9999 -9999 -9999 -9999 -9999 -9999
8.33301E-2 8.26676E-2 6.78819E-2 6.60522E-2 6.41903E-2 6.35544E-2 6.27591E-2 6.16763E-2 6.35007E-2 6.01251E-2 5.97504E-2 6.01523E-2 6.1165E-2 6.1745E-2 5.78001E-2 5.77687E-2 5.81076E-2 5.79563E-2 5.79784E-2 5.8246E-2 5.84584E-2 5.79508E-2 5.81125E-2 5.85493E-2 5.86638E-2 5.86309E-2 7.01072E-2 6.98729E-2 7.0025E-2 6.94983E-2 6.97116E-2 7.00739E-2 6.97504E-2 6.94722E-2 6.94386E-2 7.03825E-2 7.05967E-2 7.09477E-2 8.68815E-2 8.86516E-2 9.14234E-2 9.12755E-2 9.04336E-2 9.24506E-2 8.73008E-2 9.23363E-2 9.25028E-2 9.17049E-2 9.13246E-2 9.40318E-2 -9999 -9999 -9999 -9999 -9999 -9999 -9999 -9999 -9999 -9999 -9999
9.69261E-2 8.53177E-2 6.97449E-2 6.70185E-2 6.52194E-2 6.43976E-2 6.35304E-2 6.29744E-2 6.22509E-2 6.31759E-2 6.12833E-2 6.1741E-2 6.25273E-2 6.31854E-2 5.90839E-2 5.92618E-2 5.93434E-2 5.94118E-2 5.93742E-2 5.94887E-2 5.92269E-2 5.91845E-2 5.93842E-2 6.23881E-2 5.99072E-2 5.97588E-2 7.08598E-2 7.08533E-2 7.08868E-2 7.09049E-2 7.07284E-2 7.12499E-2 7.07973E-2 7.09218E-2 7.07711E-2 7.04509E-2 7.10797E-2 7.04516E-2 8.42226E-2 8.6691E-2 9.22328E-2 9.21615E-2 9.49824E-2 9.71089E-2 8.84308E-2 9.53248E-2 9.60973E-2 9.5074E-2 9.41119E-2 9.43596E-2 -9999 -9999 -9999 -9999 -9999 -9999 -9999 -9999 -9999 -9999 -9999
8.54409E-2 8.77991E-2 7.11136E-2 6.99505E-2 6.65784E-2 6.5899E-2 6.44947E-2 6.6115E-2 6.38686E-2 6.25885E-2 6.36249E-2 6.29339E-2 6.37283E-2 6.44256E-2 6.05747E-2 6.05678E-2 6.06793E-2 6.0758E-2 6.07523E-2 6.08307E-2 6.04995E-2 6.07023E-2 6.37637E-2 6.39056E-2 6.36756E-2 6.57277E-2 7.20921E-2 7.20625E-2 7.23466E-2 7.23632E-2 7.20247E-2 7.28302E-2 7.2434E-2 7.23291E-2 7.25289E-2 7.19886E-2 7.21612E-2 7.30847E-2 8.60299E-2 8.49836E-2 8.53771E-2 8.91273E-2 9.07725E-2 9.31999E-2 9.09375E-2 9.35422E-2 9.9975E-2 9.89222E-2 9.7274E-2 9.89806E-2 1.18321E-1 -9999 -9999 -9999 -9999 -9999 -9999 -9999 -9999 -9999 -9999
8.95678E-2 9.06335E-2 7.37924E-2 6.91153E-2 6.78388E-2 6.83894E-2 6.86689E-2 6.90468E-2 6.70119E-2 6.39534E-2 7.41148E-2 6.39163E-2 6.49646E-2 6.6016E-2 6.21358E-2 6.20514E-2 6.20644E-2 6.21041E-2 6.20597E-2 6.19261E-2 6.19711E-2 6.20265E-2 6.42346E-2 6.53423E-2 6.24526E-2 6.24455E-2 7.36149E-2 7.36519E-2 7.3904E-2 7.36003E-2 7.37132E-2 7.47562E-2 7.36824E-2 7.33312E-2 7.3567E-2 7.32057E-2 7.2792E-2 7.32754E-2 8.79905E-2 8.62179E-2 8.60773E-2 8.66275E-2 8.97995E-2 9.3018E-2 9.38207E-2 9.37593E-2 1.02039E-1 1.02747E-1 1.02342E-1 1.03512E-1 1.3082E-1 -9999 -9999 -9999 -9999 -9999 -9999 -9999 -9999 -9999 -9999
9.27084E-2 9.40108E-2 7.57201E-2 7.26856E-2 7.13399E-2 7.18418E-2 7.1774E-2 7.10993E-2 6.84309E-2 6.66838E-2 6.49683E-2 6.53845E-2 6.62747E-2 6.74268E-2 6.35363E-2 6.35493E-2 6.35009E-2 6.34502E-2 6.34076E-2 6.33342E-2 6.33465E-2 6.33115E-2 6.39964E-2 6.6875E-2 6.76452E-2 6.38171E-2 7.49841E-2 7.56815E-2 7.55674E-2 7.49644E-2 7.48185E-2 7.65745E-2 7.49602E-2 7.4677E-2 7.61289E-2 7.44909E-2 7.41334E-2 7.42607E-2 8.8855E-2 9.05703E-2 8.79737E-2 8.90322E-2 9.07956E-2 9.34746E-2 9.60049E-2 9.62313E-2 1.02877E-1 1.06479E-1 1.06881E-1 1.11355E-1 1.27895E-1 1.45307E-1 -9999 -9999 -9999 -9999 -9999 -9999 -9999 -9999 -9999
8.17752E-2 8.24237E-2 6.82281E-2 6.74768E-2 6.70603E-2 6.59097E-2 6.49784E-2 6.3854E-2 6.28139E-2 6.19479E-2 6.04995E-2 5.88012E-2 5.89554E-2 5.9876E-2 5.87613E-2 5.868E-2 5.85831E-2 5.86951E-2 5.86561E-2 5.85534E-2 5.854E-2 5.84949E-2 5.98003E-2 6.14613E-2 5.90225E-2 5.87059E-2 5.65352E-2 5.76778E-2 5.66697E-2 5.63805E-2 5.65603E-2 5.78541E-2 5.62043E-2 5.60862E-2 5.70723E-2 5.75012E-2 5.57646E-2 5.55053E-2 9.89173E-2 1.00105E-1 1.02028E-1 1.01889E-1 1.0106E-1 1.03595E-1 1.1484E-1 1.07779E-1 1.14361E-1 1.24522E-1 1.27362E-1 1.30101E-1 1.66093E-1 1.8023E-1 -9999 -9999 -9999 -9999 -9999 -9999 -9999 -9999 -9999
8.58768E-2 8.45396E-2 7.05029E-2 6.95877E-2 6.86702E-2 6.78184E-2 6.68684E-2 6.58077E-2 6.48225E-2 6.39336E-2 6.32316E-2 6.19319E-2 6.14672E-2 6.16943E-2 5.99873E-2 5.98017E-2 6.00598E-2 6.01619E-2 6.0098E-2 6.00673E-2 6.00517E-2 6.06561E-2 6.25963E-2 6.26118E-2 6.05387E-2 6.08864E-2 5.91264E-2 5.9042E-2 6.17251E-2 5.7997E-2 5.73101E-2 5.9324E-2 5.76587E-2 5.73308E-2 5.84117E-2 5.92529E-2 5.75993E-2 5.6944E-2 1.00315E-1 1.02266E-1 1.02767E-1 1.04718E-1 1.03832E-1 1.04114E-1 1.09279E-1 1.14728E-1 1.17512E-1 1.31875E-1 1.36786E-1 1.4636E-1 1.90985E-1 2.05406E-1 -9999 -9999 -9999 -9999 -9999 -9999 -9999 -9999 -9999
8.77401E-2 8.63635E-2 7.19408E-2 7.09542E-2 7.01591E-2 6.942E-2 6.86194E-2 6.77103E-2 6.68198E-2 6.60077E-2 6.53318E-2 6.48223E-2 6.41635E-2 6.34774E-2 6.0993E-2 6.15066E-2 6.16224E-2 6.17159E-2 6.16565E-2 6.15677E-2 6.15832E-2 6.22342E-2 6.16386E-2 6.21203E-2 6.34537E-2 6.3859E-2 6.19829E-2 6.34255E-2 6.33701E-2 5.96585E-2 5.90925E-2 6.10934E-2 5.92308E-2 5.88649E-2 6.16222E-2 6.13807E-2 6.00837E-2 5.86601E-2 1.02641E-1 1.05884E-1 1.06686E-1 1.06417E-1 1.06662E-1 1.06137E-1 1.10504E-1 1.13804E-1 1.19914E-1 1.38389E-1 1.47036E-1 1.93338E-1 2.21837E-1 -9999 -9999 -9999 -9999 -9999 -9999 -9999 -9999 -9999 -9999
8.95794E-2 8.8267E-2 7.35832E-2 7.2384E-2 7.1568E-2 7.09464E-2 7.02903E-2 6.96223E-2 6.83209E-2 6.75037E-2 6.68061E-2 6.63875E-2 6.58467E-2 6.48618E-2 6.28981E-2 6.31806E-2 6.33688E-2 6.33247E-2 6.33219E-2 6.32501E-2 6.30025E-2 6.29318E-2 6.29346E-2 6.38664E-2 6.56081E-2 6.60457E-2 6.38711E-2 6.439E-2 6.51538E-2 5.99342E-2 6.07486E-2 6.27872E-2 6.20943E-2 6.2094E-2 6.31648E-2 6.64924E-2 6.25201E-2 5.99127E-2 1.05811E-1 1.07447E-1 1.09723E-1 1.1064E-1 1.0969E-1 1.11242E-1 1.13742E-1 1.24513E-1 1.29826E-1 1.46974E-1 1.57221E-1 1.84951E-1 3.18306E-1 -9999 -9999 -9999 -9999 -9999 -9999 -9999 -9999 -9999 -9999
9.14102E-2 9.01898E-2 7.51737E-2 7.39997E-2 7.29311E-2 7.2508E-2 7.19925E-2 7.12941E-2 7.03817E-2 6.9409E-2 6.82304E-2 6.76889E-2 6.71448E-2 6.62738E-2 6.47237E-2 6.51185E-2 6.50044E-2 6.50108E-2 6.50031E-2 6.49683E-2 6.47176E-2 6.46986E-2 6.46177E-2 6.56076E-2 6.80537E-2 6.72123E-2 6.49804E-2 6.58858E-2 6.33368E-2 6.12398E-2 6.14799E-2 6.31003E-2 6.44144E-2 6.48475E-2 6.67328E-2 6.52411E-2 6.32076E-2 6.16149E-2 1.0818E-1 1.09739E-1 1.12575E-1 1.17519E-1 1.15506E-1 1.15604E-1 1.16761E-1 1.23533E-1 1.32903E-1 1.54458E-1 1.83825E-1 2.35832E-1 3.73521E-1 -9999 -9999 -9999 -9999 -9999 -9999 -9999 -9999 -9999 -9999
