RStudio/Xiphophorus/MaxEnt Models/Xiphophorus multilineatus/Xiphophorus_multilineatus.asc
ncols         432
nrows         590
xllcorner     -101.36634685401
yllcorner     19.040437502918
cellsize      0.008333332798
NODATA_value  -9999
[rows 270 to 296 of 590, columns 244 to 304 of 432]
5.14542E-2 1.22696E-1 7.14798E-2 6.52983E-2 8.10379E-2 5.87342E-2 6.53626E-2 9.36022E-2 2.67067E-1 5.32066E-1 6.02325E-1 4.7627E-1 1.70793E-1 1.53661E-1 1.0802E-1 6.60646E-1 6.1319E-1 3.06998E-1 3.00805E-1 3.17324E-1 3.19166E-1 2.90533E-1 2.35956E-1 2.43894E-1 3.44885E-1 1.58728E-1 5.14782E-1 3.55439E-1 9.59697E-1 9.80727E-1 9.05621E-1 9.54796E-1 9.78051E-1 9.80748E-1 9.60044E-1 9.38314E-1 9.26651E-1 9.16968E-1 9.07206E-1 8.97524E-1 9.8934E-1 9.87262E-1 9.896E-1 9.85226E-1 9.7709E-1 9.71967E-1 9.67512E-1 9.61607E-1 9.54849E-1 9.56689E-1 9.60767E-1 9.61345E-1 9.56871E-1 9.47569E-1 9.35102E-1 9.1595E-1 9.04227E-1 9.03664E-1 9.0839E-1 8.98994E-1 8.60304E-1
3.7869E-2 4.75042E-2 1.28171E-1 4.12872E-2 6.37908E-2 4.86155E-2 5.2273E-2 5.2861E-2 8.87121E-2 3.6393E-1 5.35631E-1 4.03173E-1 2.05246E-1 1.42423E-1 1.26095E-1 5.89927E-1 3.04819E-1 2.30289E-1 2.48967E-1 2.48309E-1 1.91758E-1 2.20358E-1 2.0793E-1 1.41513E-1 2.29343E-1 1.46417E-1 1.50541E-1 5.14162E-1 4.53512E-1 8.07551E-1 8.42493E-1 8.86088E-1 9.10028E-1 9.40034E-1 9.07705E-1 8.83168E-1 8.52166E-1 8.3649E-1 8.2438E-1 8.114E-1 9.67983E-1 9.66834E-1 9.68507E-1 9.57831E-1 9.43386E-1 9.34925E-1 9.26614E-1 9.2347E-1 9.15884E-1 9.13154E-1 9.11217E-1 9.18049E-1 9.46377E-1 9.36464E-1 9.01388E-1 8.76289E-1 8.51257E-1 8.28007E-1 8.25407E-1 8.29591E-1 8.34108E-1
7.58157E-2 2.18623E-1 2.38996E-1 1.18331E-1 1.13105E-1 4.55126E-2 1.12883E-1 5.49634E-2 6.77027E-2 1.56889E-1 3.57504E-1 5.381E-1 3.59093E-1 1.93808E-1 1.49633E-1 6.66041E-1 2.49811E-1 1.69465E-1 2.00096E-1 1.81219E-1 1.99315E-1 1.27882E-1 1.32388E-1 1.78662E-1 1.35946E-1 1.55403E-1 1.63167E-1 2.50775E-1 4.91011E-1 4.58727E-1 8.01707E-1 8.78134E-1 9.1104E-1 9.43916E-1 9.16739E-1 8.92205E-1 8.57941E-1 8.44686E-1 8.33162E-1 8.21389E-1 9.71565E-1 9.72902E-1 9.68804E-1 9.58615E-1 9.49469E-1 9.42307E-1 9.35386E-1 9.40776E-1 9.36589E-1 9.2516E-1 9.22045E-1 9.11402E-1 9.47197E-1 9.38978E-1 9.35959E-1 9.05329E-1 8.7294E-1 8.57259E-1 8.39913E-1 8.21796E-1 8.11929E-1
2.36446E-1 2.83122E-1 3.09532E-1 3.42845E-1 3.54968E-1 2.15432E-1 3.68362E-1 5.87701E-2 6.21877E-2 1.16653E-1 3.70652E-1 5.87048E-1 5.13537E-1 1.82918E-1 7.69178E-2 8.09596E-2 5.6765E-1 8.77114E-1 2.0601E-1 1.74097E-1 8.12443E-2 1.26713E-1 1.48808E-1 1.41167E-1 1.38668E-1 9.26832E-2 1.36517E-1 2.12849E-1 2.60018E-1 2.55973E-1 6.15701E-1 9.03377E-1 9.15926E-1 9.50796E-1 9.20937E-1 8.99547E-1 8.75982E-1 8.5576E-1 8.42386E-1 8.31577E-1 9.76878E-1 9.75677E-1 9.71106E-1 9.6151E-1 9.55424E-1 9.48479E-1 9.48323E-1 9.54776E-1 9.48469E-1 9.47158E-1 9.38069E-1 9.20883E-1 9.56398E-1 9.44588E-1 9.24885E-1 9.30526E-1 8.92579E-1 8.78598E-1 8.642E-1 8.44524E-1 8.23547E-1
2.08693E-1 2.66468E-1 2.58199E-1 2.71131E-1 1.07531E-1 2.94935E-2 9.38347E-2 9.94854E-2 9.69401E-2 1.0478E-1 1.6987E-1 4.65018E-1 6.40806E-1 3.18967E-1 4.02735E-1 1.54041E-1 2.2844E-1 8.47973E-1 1.22567E-1 1.28552E-1 7.94368E-2 1.14994E-1 1.34719E-1 1.21804E-1 1.33324E-1 8.92913E-2 1.80143E-1 9.89521E-2 3.01549E-1 1.93934E-1 2.41538E-1 7.63129E-1 9.48245E-1 9.40792E-1 9.223E-1 9.06424E-1 8.85744E-1 8.61663E-1 8.51272E-1 8.43224E-1 9.79874E-1 9.78688E-1 9.74052E-1 9.68177E-1 9.64076E-1 9.55959E-1 9.56414E-1 9.71083E-1 9.66634E-1 9.54436E-1 9.33328E-1 9.32373E-1 9.61057E-1 9.56181E-1 9.45238E-1 9.38139E-1 9.1182E-1 8.98006E-1 8.84755E-1 8.66492E-1 8.46551E-1
1.9003E-1 2.48083E-1 2.50526E-1 2.43719E-1 1.35665E-1 3.68597E-2 5.47248E-2 2.47035E-1 1.44881E-1 1.38682E-1 1.24417E-1 3.87086E-1 4.89607E-1 7.05397E-1 1.58841E-1 1.65383E-1 3.05372E-1 3.00845E-1 1.11917E-1 9.93251E-2 7.75228E-2 1.09715E-1 1.19044E-1 7.54888E-2 7.04577E-2 7.51186E-2 1.06381E-1 1.00301E-1 1.67862E-1 3.33459E-1 6.03174E-1 1.97287E-1 7.8524E-1 9.50483E-1 9.26682E-1 9.12335E-1 8.93844E-1 8.7309E-1 8.62706E-1 8.55024E-1 9.8276E-1 9.81799E-1 9.78889E-1 9.73964E-1 9.69294E-1 9.69959E-1 9.64033E-1 9.69251E-1 9.50782E-1 9.48343E-1 9.54105E-1 9.51663E-1 9.67827E-1 9.59398E-1 9.5099E-1 9.33981E-1 9.30076E-1 9.21383E-1 9.10494E-1 8.85435E-1 8.67575E-1
1.54433E-1 2.32219E-1 2.51328E-1 2.52845E-1 2.36453E-1 5.75042E-2 4.86797E-2 6.23695E-2 5.01388E-1 2.93843E-1 1.26283E-1 2.50119E-1 4.24625E-1 6.12854E-1 1.70024E-1 4.46373E-2 8.26352E-2 8.73339E-2 8.02335E-2 8.06481E-2 8.08115E-2 6.19718E-2 1.0722E-1 7.44232E-2 3.79135E-2 4.61432E-2 8.29532E-2 9.80445E-2 1.00056E-1 2.32192E-1 6.12271E-1 7.76123E-1 4.17536E-1 9.38497E-1 9.31204E-1 9.19358E-1 9.05217E-1 8.89176E-1 8.72037E-1 8.6455E-1 9.85079E-1 9.8422E-1 9.82807E-1 9.78285E-1 9.74054E-1 9.7623E-1 9.74987E-1 9.77404E-1 9.43292E-1 9.40579E-1 9.60966E-1 9.45815E-1 9.70843E-1 9.63069E-1 9.57516E-1 9.45297E-1 9.4247E-1 9.1545E-1 9.21038E-1 9.11644E-1 8.90939E-1
1.98039E-1 2.29054E-1 2.42985E-1 2.33091E-1 1.95016E-1 1.0828E-1 5.48372E-2 5.36802E-2 1.10924E-1 2.27039E-1 1.96588E-1 3.68453E-1 5.83446E-1 6.45777E-1 1.9403E-1 4.10748E-2 7.07946E-2 8.03814E-2 6.66158E-2 5.73187E-2 3.09749E-2 3.18963E-2 5.36918E-2 6.6128E-2 3.9039E-2 3.68648E-2 5.75548E-2 8.99109E-2 1.81629E-1 9.87793E-2 4.05239E-1 7.23267E-1 9.10656E-1 7.49755E-1 9.4853E-1 9.26471E-1 9.15752E-1 9.0008E-1 8.85244E-1 8.7181E-1 9.8702E-1 9.86098E-1 9.85428E-1 9.81584E-1 9.78562E-1 9.78381E-1 9.77375E-1 9.7676E-1 9.56985E-1 9.48887E-1 9.24831E-1 9.39796E-1 9.74608E-1 9.70521E-1 9.56579E-1 9.30511E-1 8.94136E-1 9.09796E-1 8.5019E-1 8.64743E-1 9.05251E-1
1.95146E-1 1.94827E-1 2.22775E-1 2.37178E-1 1.67145E-1 1.22854E-1 8.30595E-2 6.09178E-2 7.8589E-2 2.16758E-1 5.20636E-1 4.37598E-1 5.5321E-1 5.02345E-1 1.96891E-1 4.36793E-2 6.45131E-2 6.30509E-2 6.42759E-2 5.27574E-2 2.1652E-2 2.02078E-2 3.4662E-2 3.75972E-2 4.62693E-2 3.54812E-2 3.59818E-2 6.35987E-2 1.79477E-1 2.59445E-1 1.00267E-1 4.32532E-1 7.86088E-1 9.25633E-1 8.46241E-1 9.48256E-1 9.22764E-1 9.0949E-1 8.96723E-1 8.83087E-1 9.88305E-1 9.87354E-1 9.86121E-1 9.85329E-1 9.82282E-1 9.80114E-1 9.79532E-1 9.80904E-1 9.79838E-1 9.52466E-1 8.9664E-1 9.223E-1 9.69992E-1 9.65202E-1 9.58239E-1 9.45952E-1 9.03729E-1 9.07686E-1 9.33804E-1 9.24915E-1 9.18469E-1
1.74784E-1 1.52518E-1 1.44084E-1 1.41122E-1 8.84546E-2 6.39253E-2 9.75124E-2 7.40931E-2 6.10536E-2 1.84985E-1 2.11973E-1 5.57334E-1 5.85407E-1 3.03874E-1 1.85243E-1 4.9738E-2 5.9329E-2 5.28145E-2 5.10441E-2 4.4122E-2 1.84752E-2 1.44425E-2 1.40942E-2 3.14436E-2 3.63371E-2 2.31487E-2 4.06456E-2 6.52432E-2 2.07423E-1 2.70547E-1 3.86647E-1 1.29799E-1 6.36615E-1 9.1948E-1 9.07966E-1 9.3931E-1 9.39896E-1 9.17617E-1 9.05331E-1 8.91789E-1 9.89778E-1 9.88777E-1 9.87558E-1 9.88027E-1 9.86097E-1 9.84094E-1 9.82268E-1 9.79977E-1 9.80398E-1 9.42072E-1 9.44567E-1 9.45347E-1 9.6017E-1 9.68137E-1 9.70668E-1 9.59829E-1 9.2765E-1 9.13482E-1 9.43262E-1 8.91041E-1 9.10092E-1
7.4135E-2 7.26656E-2 5.27872E-2 4.50309E-2 4.36884E-2 7.11155E-2 1.23926E-1 1.98463E-1 5.33053E-2 9.19085E-2 1.44964E-1 2.27125E-1 2.33478E-1 1.85417E-1 1.24196E-1 3.94373E-2 4.39577E-2 3.85919E-2 2.52385E-2 2.58328E-2 2.85018E-2 3.23566E-2 2.68559E-2 2.47636E-2 1.71516E-2 1.56862E-2 2.81898E-2 5.67085E-2 2.07203E-1 2.46515E-1 3.59659E-1 3.04664E-1 3.30132E-1 6.95155E-1 9.24129E-1 9.0924E-1 8.88891E-1 9.22313E-1 9.1228E-1 9.00394E-1 9.91189E-1 9.90166E-1 9.91168E-1 9.9016E-1 9.8859E-1 9.90422E-1 9.84913E-1 9.8644E-1 9.74982E-1 9.13E-1 9.50083E-1 9.64772E-1 9.56928E-1 9.66258E-1 9.71847E-1 9.62273E-1 9.10824E-1 9.36612E-1 9.31997E-1 8.67232E-1 9.25534E-1
4.1461E-2 5.11013E-2 4.77952E-2 3.10773E-2 4.56967E-2 1.27269E-1 5.50411E-2 7.95275E-2 4.05777E-1 2.43329E-1 3.35962E-1 6.37883E-2 7.63292E-2 5.16303E-2 5.47828E-2 4.11635E-2 3.55075E-2 2.76509E-2 2.36371E-2 2.1962E-2 2.82862E-2 2.42598E-2 1.26974E-2 2.86248E-2 1.66712E-2 1.1484E-2 1.78273E-2 4.12641E-2 1.54324E-1 2.18965E-1 3.10341E-1 4.50037E-1 1.89816E-1 7.69619E-1 5.9727E-1 8.91046E-1 6.4705E-1 9.38002E-1 9.19766E-1 9.06558E-1 9.92269E-1 9.919E-1 9.91972E-1 9.81601E-1 9.72386E-1 9.63966E-1 9.71221E-1 9.52833E-1 8.79717E-1 9.07121E-1 8.79478E-1 9.45217E-1 9.84094E-1 9.59446E-1 9.72905E-1 9.7153E-1 9.36265E-1 9.12262E-1 9.14178E-1 8.41787E-1 8.42504E-1
1.6235E-2 3.93401E-2 5.00387E-2 1.15184E-1 8.89738E-2 1.37562E-1 2.73145E-1 1.1028E-1 6.13711E-2 8.5812E-2 5.50805E-2 3.66044E-2 4.92286E-2 4.26471E-2 3.67341E-2 1.78686E-2 3.40605E-2 1.23874E-2 1.72098E-2 1.39206E-2 1.73777E-2 1.02752E-2 7.66909E-3 7.72275E-3 9.41857E-3 1.21627E-2 9.84625E-3 2.32817E-2 1.29234E-1 2.06851E-1 3.08491E-1 4.40279E-1 5.41632E-1 6.22932E-1 2.51576E-1 6.02834E-1 8.87051E-1 8.21291E-1 9.29104E-1 9.12154E-1 9.93077E-1 9.9337E-1 9.92964E-1 9.81365E-1 9.68993E-1 9.75891E-1 9.38593E-1 9.08927E-1 8.86382E-1 9.58351E-1 9.68226E-1 9.48229E-1 9.18073E-1 9.79182E-1 9.80818E-1 9.79078E-1 9.61273E-1 9.30101E-1 9.24417E-1 8.80498E-1 8.49588E-1
2.46992E-2 2.90102E-2 4.97079E-2 7.37848E-2 9.46837E-2 3.31851E-1 5.88949E-1 3.65452E-1 1.44869E-1 9.08639E-2 9.2211E-2 6.61571E-2 9.02574E-2 4.29144E-2 9.14761E-2 2.57075E-2 2.70142E-2 1.66285E-2 1.09324E-2 1.14218E-2 2.12672E-2 2.24735E-2 1.4841E-2 1.86844E-2 1.10468E-2 1.22805E-2 1.23096E-2 1.33785E-2 8.21524E-2 1.56264E-1 2.89817E-1 3.58781E-1 3.84128E-1 4.20731E-1 1.54834E-1 3.01591E-1 4.32848E-1 6.10233E-1 8.53945E-1 8.25956E-1 9.80169E-1 9.84902E-1 9.50951E-1 9.56901E-1 9.74268E-1 9.72502E-1 9.6899E-1 8.40872E-1 9.22074E-1 8.47411E-1 9.17559E-1 9.34573E-1 9.71115E-1 9.48159E-1 9.6454E-1 9.79481E-1 9.76826E-1 9.58168E-1 9.5941E-1 9.45107E-1 9.08575E-1
7.97519E-3 7.99366E-3 2.7356E-2 2.95097E-2 4.80422E-2 1.14472E-1 4.36014E-1 8.15071E-2 8.6253E-2 6.93525E-2 6.38874E-2 5.54437E-2 6.75829E-2 4.37559E-2 3.67884E-2 3.3054E-2 1.92456E-2 1.33184E-2 1.58037E-2 1.75154E-2 2.18043E-2 1.21326E-2 8.63216E-3 9.23232E-3 1.00569E-2 1.11565E-2 1.2446E-2 1.28521E-2 2.0438E-2 8.03639E-2 1.79191E-1 2.58161E-1 2.68833E-1 3.36192E-1 1.77872E-1 1.08237E-1 3.2688E-1 5.0707E-1 8.5977E-1 8.31555E-1 9.82997E-1 9.05209E-1 9.13434E-1 9.54072E-1 9.76201E-1 9.54126E-1 9.28489E-1 9.70336E-1 9.64367E-1 9.64895E-1 8.58175E-1 8.99247E-1 9.88614E-1 9.81877E-1 9.68918E-1 9.79058E-1 9.85491E-1 9.71174E-1 9.69336E-1 9.62228E-1 9.43919E-1
1.05473E-2 6.32074E-3 9.60277E-3 2.44866E-2 7.36674E-2 9.80191E-2 5.72648E-1 9.54713E-2 1.17695E-1 1.07282E-1 5.37397E-2 3.57572E-2 3.60705E-2 4.0468E-2 2.1963E-2 2.34414E-2 1.26092E-2 1.39974E-2 1.3321E-2 1.07702E-2 1.77718E-2 1.17431E-2 9.81436E-3 8.51653E-3 8.62463E-3 9.40339E-3 1.1651E-2 1.27332E-2 1.83285E-2 3.10385E-2 1.09898E-1 2.26593E-1 2.74148E-1 2.67186E-1 2.16062E-1 8.81427E-2 1.6655E-1 6.91331E-1 8.4705E-1 8.36882E-1 9.84031E-1 8.87811E-1 9.57265E-1 9.56765E-1 9.42933E-1 9.03686E-1 7.51811E-1 9.35622E-1 8.33044E-1 9.61024E-1 9.63749E-1 9.32224E-1 9.58251E-1 9.87735E-1 9.85436E-1 9.72325E-1 9.84768E-1 9.86701E-1 9.76666E-1 9.71544E-1 9.61525E-1
8.30757E-3 5.85712E-3 8.40949E-3 1.09657E-2 2.917E-2 5.31999E-2 1.46095E-1 1.51677E-1 1.87341E-1 8.58474E-2 5.2881E-2 4.16447E-2 3.39681E-2 2.88062E-2 2.19318E-2 1.59581E-2 1.04753E-2 7.70697E-3 9.19908E-3 8.46932E-3 1.3734E-2 1.59953E-2 1.11302E-2 9.13502E-3 8.15029E-3 9.65329E-3 1.05305E-2 1.31163E-2 2.03021E-2 2.74633E-2 5.38445E-2 1.69533E-1 2.59333E-1 2.82839E-1 2.27829E-1 7.56113E-2 1.7313E-1 5.92279E-1 8.63583E-1 8.44603E-1 9.32957E-1 9.27E-1 9.53037E-1 9.42649E-1 9.45378E-1 7.93911E-1 4.70631E-1 6.69379E-1 5.4744E-1 7.66772E-1 8.99383E-1 9.29098E-1 9.94338E-1 9.80351E-1 9.9193E-1 9.53538E-1 9.50108E-1 9.81E-1 9.8745E-1 9.85431E-1 9.8091E-1
6.25484E-3 5.17249E-3 8.15265E-3 1.01271E-2 4.80611E-2 6.36503E-2 2.38653E-1 1.22407E-1 7.86164E-2 7.52883E-2 4.89171E-2 2.56148E-2 1.69733E-2 2.32792E-2 1.71273E-2 9.19871E-3 7.61148E-3 6.65408E-3 7.78025E-3 1.05757E-2 1.07946E-2 1.08806E-2 8.14217E-3 7.57003E-3 8.02922E-3 9.50073E-3 1.06324E-2 1.1817E-2 2.83459E-2 5.656E-2 8.35247E-2 1.41851E-1 2.56225E-1 2.5494E-1 2.56766E-1 1.1136E-1 1.07797E-1 5.47462E-1 8.68213E-1 8.48626E-1 8.42599E-1 8.08462E-1 8.58237E-1 8.56854E-1 8.80979E-1 6.54755E-1 8.44739E-1 8.05775E-1 8.46473E-1 8.16344E-1 8.39568E-1 8.06163E-1 9.94756E-1 9.93656E-1 9.93586E-1 9.92462E-1 9.87513E-1 9.50025E-1 9.80374E-1 9.87182E-1 9.86448E-1
9.76951E-3 5.44716E-3 4.87382E-3 7.42742E-3 5.87648E-2 1.86158E-1 4.26161E-2 7.19574E-2 6.07219E-2 4.6036E-2 2.35167E-2 1.62362E-2 1.12869E-2 1.52958E-2 8.21718E-3 7.01762E-3 6.27533E-3 6.62988E-3 6.88653E-3 1.00634E-2 8.71585E-3 1.17292E-2 7.7499E-3 7.44505E-3 8.14402E-3 9.24192E-3 1.11932E-2 1.42737E-2 2.01579E-2 3.27735E-2 9.58481E-2 1.32702E-1 2.16527E-1 2.5867E-1 1.44671E-1 1.64718E-1 3.13001E-1 4.74758E-1 8.56224E-1 8.51051E-1 9.23147E-1 9.02255E-1 8.80414E-1 8.53442E-1 7.35191E-1 7.55133E-1 6.53908E-1 9.53975E-1 9.69102E-1 9.69106E-1 9.58868E-1 9.68205E-1 9.94582E-1 9.68164E-1 9.82299E-1 9.86919E-1 9.92307E-1 9.9142E-1 9.89883E-1 9.8921E-1 9.88079E-1
1.17553E-2 1.02631E-2 5.1837E-3 1.06313E-2 2.20484E-1 6.23483E-2 1.32781E-2 2.34893E-2 2.53995E-2 4.69906E-2 3.08264E-2 1.14988E-2 1.19421E-2 1.10532E-2 7.12198E-3 6.09282E-3 5.73595E-3 6.19146E-3 6.45041E-3 7.76708E-3 1.02211E-2 1.05589E-2 7.30822E-3 7.49337E-3 8.16833E-3 9.7434E-3 1.09122E-2 1.33577E-2 2.62447E-2 4.13526E-2 8.43136E-2 1.22137E-1 1.59092E-1 1.85833E-1 1.57075E-1 1.60148E-1 5.13458E-1 7.60246E-1 8.54853E-1 8.59287E-1 9.21852E-1 9.55341E-1 9.2419E-1 8.95083E-1 8.51164E-1 8.40758E-1 9.01521E-1 8.64753E-1 8.83839E-1 8.20401E-1 8.70887E-1 9.61846E-1 9.94627E-1 9.09353E-1 8.92674E-1 9.59866E-1 9.54971E-1 9.81117E-1 9.91214E-1 9.88644E-1 9.883E-1
1.01766E-1 5.62996E-2 4.32125E-2 6.75084E-2 4.57724E-2 2.17274E-2 7.47068E-3 1.48118E-2 1.72562E-2 1.93095E-2 3.82496E-2 8.05432E-3 6.6236E-3 8.23916E-3 5.84439E-3 5.36403E-3 5.28571E-3 5.55847E-3 5.78852E-3 7.15416E-3 6.55032E-3 1.12448E-2 7.73216E-3 8.98565E-3 1.06901E-2 1.37377E-2 1.45197E-2 1.40257E-2 2.97124E-2 3.67459E-2 4.78524E-2 8.54011E-2 1.07633E-1 1.42669E-1 2.41398E-1 1.57783E-1 5.71866E-1 8.70642E-1 8.57943E-1 8.64534E-1 8.48289E-1 9.61089E-1 9.41592E-1 9.33608E-1 9.05393E-1 6.73455E-1 7.4915E-1 8.38027E-1 8.83345E-1 9.74172E-1 9.69279E-1 9.62805E-1 9.75606E-1 9.87023E-1 9.12751E-1 9.58092E-1 9.56589E-1 9.50509E-1 9.71617E-1 9.86785E-1 9.8621E-1
1.79921E-2 3.41546E-2 2.79291E-2 3.85951E-2 6.99595E-3 9.08426E-3 6.58902E-3 8.50746E-3 8.90001E-3 1.76241E-2 9.16044E-3 5.17933E-3 4.93725E-3 5.48355E-3 5.39274E-3 4.97784E-3 4.87074E-3 5.22524E-3 5.87629E-3 6.3429E-3 8.40515E-3 1.03845E-2 7.53294E-3 8.0663E-3 9.10185E-3 1.24088E-2 1.28638E-2 1.36069E-2 2.11818E-2 2.09674E-2 3.74735E-2 4.89461E-2 5.08252E-2 1.45198E-1 3.22258E-1 3.41099E-1 5.30809E-1 8.67142E-1 8.59561E-1 8.61408E-1 8.92075E-1 9.53075E-1 9.49501E-1 9.68335E-1 8.89947E-1 8.72618E-1 9.27315E-1 9.76887E-1 9.73938E-1 9.46683E-1 8.6682E-1 9.72315E-1 9.68584E-1 9.56173E-1 9.92101E-1 9.89341E-1 9.85885E-1 9.86134E-1 9.84478E-1 9.69631E-1 9.72574E-1
1.34325E-2 5.1191E-3 3.99892E-3 4.03865E-3 4.76657E-3 7.02087E-3 4.97088E-3 5.42084E-3 4.46386E-3 5.38681E-3 1.23883E-2 4.50136E-3 4.50792E-3 4.86428E-3 4.67821E-3 4.62073E-3 4.66298E-3 4.78436E-3 5.55889E-3 8.86128E-3 9.8806E-3 8.63694E-3 7.03324E-3 7.09109E-3 7.88744E-3 8.52315E-3 8.72819E-3 9.44404E-3 1.46019E-2 2.73463E-2 4.64423E-2 5.63157E-2 8.3293E-2 2.26359E-1 2.68664E-1 2.89126E-1 3.72738E-1 7.47455E-1 8.5759E-1 8.63199E-1 9.05527E-1 8.9153E-1 8.68123E-1 8.44831E-1 9.75528E-1 9.72366E-1 9.09725E-1 8.26412E-1 8.97663E-1 9.47886E-1 9.67885E-1 9.66608E-1 9.67332E-1 9.68326E-1 9.92037E-1 9.92695E-1 9.94055E-1 9.92504E-1 9.90927E-1 9.89567E-1 9.8289E-1
1.04855E-2 4.22169E-3 3.65654E-3 3.22788E-3 4.21101E-3 4.92311E-3 4.66706E-3 3.84863E-3 3.93946E-3 4.48395E-3 9.68613E-3 4.4885E-3 4.13273E-3 4.24516E-3 4.37171E-3 4.56983E-3 4.54797E-3 4.77389E-3 5.50929E-3 8.80521E-3 9.02966E-3 6.89057E-3 6.44487E-3 6.83116E-3 7.84288E-3 8.11196E-3 7.52435E-3 8.78795E-3 1.41513E-2 2.19684E-2 4.42272E-2 7.75787E-2 7.14961E-2 6.56295E-2 6.94577E-2 4.65595E-2 9.13383E-2 1.78956E-1 8.46739E-1 8.54359E-1 9.71894E-1 8.85367E-1 8.64522E-1 9.50913E-1 9.29998E-1 8.30198E-1 6.5252E-1 8.23986E-1 9.7191E-1 9.59482E-1 9.57553E-1 9.6511E-1 9.75379E-1 9.72726E-1 9.93446E-1 9.93609E-1 9.94228E-1 9.9326E-1 9.91554E-1 9.89953E-1 9.87017E-1
4.95195E-3 3.94568E-3 3.19735E-3 3.3232E-3 4.17374E-3 3.83737E-3 3.89555E-3 3.67723E-3 3.57875E-3 4.6273E-3 6.33227E-3 4.21369E-3 3.78683E-3 3.86251E-3 3.94951E-3 4.20765E-3 4.25047E-3 4.61825E-3 5.81049E-3 8.16948E-3 6.02028E-3 6.18287E-3 6.45898E-3 6.57705E-3 7.16134E-3 7.80704E-3 8.55242E-3 1.05771E-2 1.52409E-2 2.10407E-2 4.49166E-2 2.56843E-2 2.11286E-2 2.06906E-2 4.06343E-2 3.40073E-2 4.04812E-2 8.46931E-2 2.61706E-1 8.43622E-1 9.87417E-1 9.50544E-1 8.71855E-1 8.95656E-1 8.32144E-1 6.35297E-1 8.88879E-1 9.11789E-1 9.74638E-1 9.15443E-1 9.62055E-1 9.66236E-1 9.94501E-1 9.94163E-1 9.93376E-1 9.95287E-1 9.94103E-1 9.93201E-1 9.91482E-1 9.89458E-1 9.86136E-1
4.80769E-3 4.41272E-3 4.61688E-3 4.27077E-3 7.67278E-3 7.39844E-3 7.40915E-3 7.29596E-3 7.37499E-3 7.39859E-3 8.88361E-3 1.20156E-2 8.16371E-3 8.39807E-4 7.1634E-3 7.58807E-3 1.04922E-2 1.26026E-2 1.5001E-2 1.57211E-2 1.30039E-2 1.35516E-2 1.40419E-2 1.51396E-2 1.62383E-2 1.75404E-2 1.77311E-2 1.80952E-2 1.59786E-2 1.53274E-2 2.08946E-2 1.89423E-2 1.98717E-2 2.00382E-2 3.98515E-2 2.89794E-2 3.22547E-2 8.32639E-2 7.53935E-2 3.44278E-1 9.74105E-1 9.70459E-1 9.69366E-1 8.578E-1 6.87497E-1 5.68153E-1 8.1549E-1 9.00895E-1 9.32055E-1 8.74446E-1 9.43724E-1 9.47758E-1 9.93262E-1 9.92819E-1 9.91199E-1 9.90521E-1 9.88677E-1 9.86274E-1 9.84428E-1 9.80566E-1 9.76433E-1
4.2619E-3 4.33832E-3 4.51959E-3 4.00471E-3 7.02119E-3 6.75358E-3 6.72273E-3 6.64617E-3 6.95907E-3 8.78903E-3 1.14569E-2 1.01061E-2 8.09848E-3 8.21535E-4 7.20067E-3 8.03239E-3 1.1608E-2 1.36145E-2 1.11854E-2 1.19057E-2 1.16761E-2 1.3118E-2 1.42376E-2 1.45552E-2 1.54317E-2 1.74844E-2 1.82574E-2 1.91158E-2 1.48148E-2 1.53699E-2 1.96462E-2 1.8758E-2 1.98684E-2 2.1365E-2 2.82863E-2 4.10122E-2 2.25853E-2 2.87073E-2 4.83902E-2 6.74741E-2 7.68245E-1 9.7072E-1 9.70139E-1 9.68613E-1 9.59787E-1 7.57539E-1 7.93764E-1 7.45309E-1 8.48385E-1 8.7622E-1 9.42893E-1 9.46499E-1 9.93753E-1 9.9279E-1 9.91743E-1 9.89937E-1 9.88204E-1 9.85639E-1 9.83357E-1 9.79915E-1 9.73742E-1
