RStudio/Xiphophorus/MaxEnt Models/Xiphophorus multilineatus/Xiphophorus_multilineatus.asc
ncols         432
nrows         590
xllcorner     -101.36634685401
yllcorner     19.040437502918
cellsize      0.008333332798
NODATA_value  -9999
[rows 270 to 296 of 590, columns 305 to 365 of 432]
8.36262E-1 8.16749E-1 7.90399E-1 7.70763E-1 7.45564E-1 7.34284E-1 6.94232E-1 6.6102E-1 6.30778E-1 5.98538E-1 5.66578E-1 5.4227E-1 5.08966E-1 4.80333E-1 4.54992E-1 4.68222E-1 4.49427E-1 4.03027E-1 3.80036E-1 3.48164E-1 3.21348E-1 2.90952E-1 2.65791E-1 2.47528E-1 2.29791E-1 2.15477E-1 2.02485E-1 1.84765E-1 1.75072E-1 1.67446E-1 1.61328E-1 1.56356E-1 1.51713E-1 1.47302E-1 1.43188E-1 1.39343E-1 1.35766E-1 1.32474E-1 1.29882E-1 1.18995E-1 1.16722E-1 1.14339E-1 1.11426E-1 1.08796E-1 1.06244E-1 1.03758E-1 1.01333E-1 9.92775E-2 9.72262E-2 9.51731E-2 9.33543E-2 8.84909E-2 8.65534E-2 8.46706E-2 8.29119E-2 8.11028E-2 7.91647E-2 7.72001E-2 7.7015E-2 7.55281E-2 7.40392E-2
7.95585E-1 7.75612E-1 7.39376E-1 7.56674E-1 7.30677E-1 6.95497E-1 6.69221E-1 6.30093E-1 5.94838E-1 5.65183E-1 5.31395E-1 4.99778E-1 4.72023E-1 4.39577E-1 4.21001E-1 4.44874E-1 4.32865E-1 3.9794E-1 3.60096E-1 3.2424E-1 3.08559E-1 2.91713E-1 2.67355E-1 2.44464E-1 2.27329E-1 2.09758E-1 1.97637E-1 1.69517E-1 1.60626E-1 1.53359E-1 1.47106E-1 1.42031E-1 1.37452E-1 1.33224E-1 1.29073E-1 1.25431E-1 1.22124E-1 1.19151E-1 1.1666E-1 1.10351E-1 1.07847E-1 1.05253E-1 1.02545E-1 1.00047E-1 9.74502E-2 9.53223E-2 9.29251E-2 9.09312E-2 8.88863E-2 8.69916E-2 8.51401E-2 8.61594E-2 8.44643E-2 8.26537E-2 8.07097E-2 7.8919E-2 7.76861E-2 7.60745E-2 7.50693E-2 7.38153E-2 7.22854E-2
8.28067E-1 8.05073E-1 7.6573E-1 7.85733E-1 7.49916E-1 7.12295E-1 6.81193E-1 6.55515E-1 6.14453E-1 5.83451E-1 5.45257E-1 5.14158E-1 4.84374E-1 4.51798E-1 4.27226E-1 4.60403E-1 4.36258E-1 4.12709E-1 3.64905E-1 3.26964E-1 3.08939E-1 2.9033E-1 2.67941E-1 2.51749E-1 2.32518E-1 2.1781E-1 2.05463E-1 1.76769E-1 1.67487E-1 1.59541E-1 1.52772E-1 1.46935E-1 1.42142E-1 1.37356E-1 1.32707E-1 1.28857E-1 1.25653E-1 1.22446E-1 1.19211E-1 1.12761E-1 1.09971E-1 1.07005E-1 1.04184E-1 1.01418E-1 9.88085E-2 9.63979E-2 9.40412E-2 9.18164E-2 8.98102E-2 8.77484E-2 8.59016E-2 8.683E-2 8.53015E-2 8.35119E-2 8.15216E-2 7.99686E-2 7.81822E-2 7.65314E-2 7.5954E-2 7.46315E-2 7.2473E-2
8.10912E-1 7.96445E-1 7.95476E-1 8.18209E-1 7.75307E-1 7.38086E-1 7.03336E-1 6.65994E-1 6.43885E-1 6.02874E-1 5.59707E-1 5.26563E-1 4.94481E-1 4.62654E-1 4.3442E-1 4.65681E-1 4.56477E-1 4.20551E-1 3.90073E-1 3.39821E-1 3.16007E-1 2.9629E-1 2.77291E-1 2.56818E-1 2.40683E-1 2.2628E-1 2.13546E-1 1.83821E-1 1.74079E-1 1.65665E-1 1.58603E-1 1.52215E-1 1.47154E-1 1.42043E-1 1.36917E-1 1.32694E-1 1.2915E-1 1.2584E-1 1.22107E-1 1.15085E-1 1.11968E-1 1.08798E-1 1.05873E-1 1.02766E-1 9.99428E-2 9.7409E-2 9.50247E-2 9.28284E-2 9.06868E-2 8.87241E-2 8.67936E-2 8.78278E-2 8.59756E-2 8.44564E-2 8.26847E-2 8.02474E-2 7.95995E-2 7.77177E-2 7.6469E-2 7.52207E-2 7.35722E-2
8.27059E-1 8.07452E-1 7.84886E-1 8.24232E-1 8.09288E-1 7.58881E-1 7.23588E-1 6.9357E-1 6.53812E-1 6.30436E-1 5.93102E-1 5.42339E-1 5.0533E-1 4.68317E-1 4.39652E-1 4.6934E-1 4.64399E-1 4.2746E-1 4.01324E-1 3.52127E-1 3.27176E-1 3.05163E-1 2.84873E-1 2.66731E-1 2.50072E-1 2.35663E-1 2.21822E-1 1.90862E-1 1.80847E-1 1.72134E-1 1.64611E-1 1.57956E-1 1.51921E-1 1.46487E-1 1.41458E-1 1.36824E-1 1.32969E-1 1.28832E-1 1.24996E-1 1.17603E-1 1.13914E-1 1.10696E-1 1.07855E-1 1.04523E-1 1.0145E-1 9.86781E-2 9.61481E-2 9.38001E-2 9.16337E-2 8.94591E-2 8.7424E-2 8.84987E-2 8.6684E-2 8.46436E-2 8.31701E-2 8.09955E-2 7.93827E-2 7.83797E-2 7.70232E-2 7.58069E-2 7.38549E-2
8.46975E-1 8.27056E-1 8.04182E-1 8.45052E-1 8.23144E-1 7.99632E-1 7.74012E-1 7.51544E-1 6.94452E-1 6.51403E-1 5.98281E-1 5.60963E-1 5.2657E-1 4.90284E-1 4.55749E-1 4.7018E-1 4.42554E-1 4.14843E-1 3.92196E-1 3.6436E-1 3.40297E-1 3.1824E-1 2.96638E-1 2.77029E-1 2.60149E-1 2.44909E-1 2.31079E-1 1.98869E-1 1.88109E-1 1.788E-1 1.70718E-1 1.63475E-1 1.56947E-1 1.50963E-1 1.45711E-1 1.41188E-1 1.36192E-1 1.31861E-1 1.27984E-1 1.20119E-1 1.15931E-1 1.12807E-1 1.09745E-1 1.06714E-1 1.03058E-1 1.00042E-1 9.73862E-2 9.48151E-2 9.25544E-2 9.03018E-2 8.82441E-2 8.92403E-2 8.73617E-2 8.54428E-2 8.3494E-2 8.16029E-2 7.97841E-2 7.84748E-2 7.72241E-2 7.63075E-2 7.46317E-2
8.65924E-1 8.54225E-1 8.32939E-1 8.60782E-1 8.36792E-1 8.14063E-1 7.90099E-1 7.63277E-1 7.22772E-1 6.74149E-1 6.38999E-1 6.08321E-1 5.76268E-1 5.26027E-1 4.82467E-1 4.88307E-1 4.57552E-1 4.28123E-1 4.00076E-1 3.75145E-1 3.52221E-1 3.28683E-1 3.06779E-1 2.87641E-1 2.70305E-1 2.54601E-1 2.40043E-1 2.0708E-1 1.95804E-1 1.85905E-1 1.76888E-1 1.6941E-1 1.62696E-1 1.5552E-1 1.49817E-1 1.44568E-1 1.39418E-1 1.34813E-1 1.31292E-1 1.22918E-1 1.18943E-1 1.14569E-1 1.11176E-1 1.07791E-1 1.04453E-1 1.01283E-1 9.85743E-2 9.59594E-2 9.35153E-2 9.11218E-2 8.89563E-2 8.99161E-2 8.79902E-2 8.60344E-2 8.41124E-2 8.22858E-2 8.03668E-2 7.8397E-2 7.74709E-2 7.68329E-2 7.5094E-2
8.86804E-1 8.76031E-1 8.51424E-1 8.66741E-1 8.50292E-1 8.28287E-1 8.06653E-1 7.74326E-1 7.42788E-1 7.04126E-1 6.63806E-1 6.1903E-1 5.85715E-1 5.43332E-1 5.00315E-1 5.27401E-1 4.93418E-1 4.44943E-1 4.15926E-1 3.89286E-1 3.62819E-1 3.39711E-1 3.18402E-1 2.98748E-1 2.80665E-1 2.64164E-1 2.49688E-1 2.15468E-1 2.04189E-1 1.93315E-1 1.83765E-1 1.75576E-1 1.68096E-1 1.6068E-1 1.5407E-1 1.4843E-1 1.43151E-1 1.3872E-1 1.34851E-1 1.25434E-1 1.20346E-1 1.16712E-1 1.12906E-1 1.09142E-1 1.05838E-1 1.02726E-1 9.96384E-2 9.6943E-2 9.44717E-2 9.20195E-2 8.97441E-2 9.06869E-2 8.86102E-2 8.66338E-2 8.46973E-2 8.2763E-2 8.1144E-2 8.03545E-2 7.78093E-2 7.72088E-2 7.5541E-2
8.98072E-1 8.43547E-1 8.31464E-1 8.6528E-1 8.51541E-1 8.3965E-1 8.1893E-1 7.95582E-1 7.65594E-1 7.36954E-1 6.82471E-1 6.511E-1 6.11198E-1 5.7538E-1 5.38819E-1 5.51457E-1 5.24405E-1 4.63885E-1 4.30726E-1 4.02928E-1 3.76548E-1 3.52129E-1 3.29807E-1 3.09883E-1 2.91658E-1 2.75228E-1 2.59763E-1 2.23865E-1 2.11845E-1 2.00526E-1 1.90454E-1 1.81548E-1 1.73912E-1 1.65328E-1 1.58062E-1 1.51907E-1 1.48215E-1 1.44027E-1 1.38242E-1 1.27873E-1 1.22407E-1 1.18552E-1 1.14447E-1 1.10629E-1 1.07259E-1 1.04032E-1 1.00916E-1 9.8156E-2 9.53985E-2 9.29097E-2 9.0564E-2 9.12933E-2 8.9112E-2 8.70949E-2 8.52894E-2 8.34514E-2 8.14581E-2 8.04953E-2 7.79226E-2 7.76573E-2 7.62789E-2
8.96081E-1 8.53124E-1 8.44038E-1 8.86489E-1 8.71176E-1 8.44272E-1 8.27543E-1 8.08391E-1 7.79108E-1 7.50709E-1 7.21426E-1 6.78053E-1 6.33325E-1 5.92382E-1 5.61109E-1 5.73785E-1 5.33851E-1 4.84764E-1 4.45088E-1 4.16224E-1 3.90138E-1 3.65069E-1 3.41987E-1 3.20896E-1 3.00649E-1 2.84386E-1 2.69148E-1 2.31702E-1 2.18888E-1 2.07299E-1 1.96739E-1 1.86979E-1 1.80998E-1 1.69747E-1 1.62386E-1 1.56563E-1 1.53537E-1 1.48559E-1 1.4129E-1 1.29928E-1 1.24557E-1 1.20216E-1 1.16216E-1 1.12254E-1 1.08898E-1 1.05524E-1 1.02416E-1 9.91807E-2 9.64782E-2 9.38531E-2 9.13624E-2 9.19617E-2 8.97108E-2 8.76289E-2 8.57989E-2 8.39741E-2 8.21486E-2 8.00453E-2 7.84135E-2 7.78661E-2 7.7003E-2
8.78273E-1 8.88982E-1 8.84302E-1 9.01533E-1 8.85022E-1 8.65262E-1 8.41559E-1 8.2213E-1 7.80647E-1 7.53753E-1 7.29307E-1 6.85415E-1 6.51056E-1 6.20278E-1 5.83151E-1 5.94527E-1 5.54802E-1 4.9548E-1 4.59288E-1 4.31021E-1 4.03716E-1 3.78354E-1 3.54466E-1 3.32331E-1 3.12146E-1 2.94956E-1 2.78585E-1 2.40316E-1 2.2645E-1 2.14295E-1 2.04156E-1 1.92395E-1 1.87953E-1 1.76492E-1 1.66752E-1 1.61948E-1 1.59213E-1 1.52611E-1 1.45402E-1 1.32908E-1 1.26623E-1 1.21985E-1 1.17723E-1 1.14283E-1 1.10672E-1 1.0696E-1 1.03466E-1 1.00243E-1 9.74621E-2 9.47901E-2 9.22512E-2 9.27688E-2 9.03964E-2 8.82005E-2 8.63243E-2 8.45131E-2 8.24329E-2 8.08664E-2 7.89394E-2 7.75079E-2 7.71142E-2
8.77935E-1 8.85453E-1 8.77639E-1 9.10164E-1 8.92358E-1 8.72642E-1 8.54517E-1 8.36123E-1 7.98299E-1 7.69403E-1 7.37105E-1 7.01351E-1 6.66127E-1 6.29183E-1 5.93812E-1 6.07222E-1 5.7058E-1 5.16542E-1 4.75274E-1 4.45985E-1 4.17982E-1 3.91079E-1 3.66572E-1 3.43622E-1 3.22347E-1 3.04449E-1 2.87482E-1 2.49022E-1 2.37337E-1 2.24971E-1 2.12622E-1 2.01456E-1 1.94964E-1 1.84384E-1 1.73329E-1 1.70289E-1 1.64833E-1 1.58607E-1 1.46532E-1 1.34897E-1 1.28582E-1 1.23867E-1 1.19814E-1 1.16515E-1 1.11978E-1 1.08072E-1 1.04594E-1 1.01536E-1 9.84984E-2 9.56771E-2 9.30933E-2 9.3691E-2 9.12029E-2 8.88765E-2 8.70576E-2 8.52033E-2 8.30351E-2 8.1411E-2 7.92928E-2 7.78441E-2 7.8259E-2
8.69747E-1 8.93026E-1 9.16254E-1 9.26745E-1 9.09974E-1 8.90694E-1 8.77098E-1 8.45823E-1 8.16315E-1 7.81763E-1 7.47575E-1 7.13535E-1 6.7873E-1 6.47227E-1 6.1229E-1 6.12057E-1 5.60328E-1 5.32341E-1 5.03533E-1 4.60758E-1 4.31243E-1 4.03224E-1 3.78015E-1 3.543E-1 3.32973E-1 3.13917E-1 2.9623E-1 2.72254E-1 2.57241E-1 2.37213E-1 2.22521E-1 2.11803E-1 2.02489E-1 1.9562E-1 1.79641E-1 1.73617E-1 1.68249E-1 1.61035E-1 1.50324E-1 1.35945E-1 1.30571E-1 1.26666E-1 1.23448E-1 1.18298E-1 1.13592E-1 1.09567E-1 1.05951E-1 1.02578E-1 9.96415E-2 9.66535E-2 9.39168E-2 9.45685E-2 9.228E-2 9.00948E-2 8.80482E-2 8.5852E-2 8.37719E-2 8.18821E-2 8.00925E-2 7.90146E-2 7.82726E-2
8.89932E-1 9.19287E-1 9.28883E-1 9.45253E-1 9.27875E-1 9.11912E-1 8.90592E-1 8.61204E-1 8.33273E-1 8.02745E-1 7.66832E-1 7.30382E-1 6.78988E-1 6.63253E-1 6.28021E-1 5.72603E-1 5.30137E-1 4.96018E-1 4.65596E-1 4.35806E-1 4.09135E-1 3.82839E-1 3.58909E-1 3.36054E-1 3.15152E-1 2.96536E-1 2.79895E-1 2.63741E-1 2.46202E-1 2.38039E-1 2.19408E-1 2.09081E-1 1.99089E-1 1.87774E-1 1.73801E-1 1.64997E-1 1.6047E-1 1.51848E-1 1.41717E-1 1.39403E-1 1.35663E-1 1.30943E-1 1.23611E-1 1.18487E-1 1.14605E-1 1.10857E-1 1.07111E-1 1.03604E-1 1.00419E-1 9.76832E-2 9.51057E-2 9.25327E-2 9.0381E-2 8.81144E-2 8.58424E-2 8.40493E-2 8.23581E-2 8.03639E-2 7.84795E-2 7.75437E-2 7.64488E-2
9.36641E-1 9.41705E-1 9.47137E-1 9.5387E-1 9.39924E-1 9.22285E-1 9.02523E-1 8.79972E-1 8.4388E-1 8.13582E-1 7.79029E-1 7.41063E-1 7.0363E-1 6.49853E-1 6.29549E-1 5.84743E-1 5.43092E-1 5.09854E-1 4.78824E-1 4.49291E-1 4.20737E-1 3.94218E-1 3.69467E-1 3.46727E-1 3.25269E-1 3.05365E-1 2.87365E-1 2.57153E-1 2.47848E-1 2.3839E-1 2.32406E-1 2.13247E-1 1.97367E-1 1.87082E-1 1.76564E-1 1.70282E-1 1.64665E-1 1.53081E-1 1.42883E-1 1.47314E-1 1.38541E-1 1.31289E-1 1.25878E-1 1.21214E-1 1.16147E-1 1.11997E-1 1.0815E-1 1.04661E-1 1.01461E-1 9.84825E-2 9.57522E-2 9.32787E-2 9.10774E-2 8.86233E-2 8.63268E-2 8.41895E-2 8.20712E-2 8.03524E-2 7.89295E-2 7.81093E-2 7.68624E-2
9.57167E-1 9.56995E-1 9.55933E-1 9.61636E-1 9.41962E-1 9.31351E-1 9.07541E-1 8.83182E-1 8.58574E-1 8.2473E-1 7.89735E-1 7.48936E-1 7.07324E-1 6.63813E-1 6.20525E-1 5.93479E-1 5.57242E-1 5.24138E-1 4.92493E-1 4.62142E-1 4.32669E-1 4.06172E-1 3.82446E-1 3.60811E-1 3.35052E-1 3.1391E-1 2.95272E-1 2.61567E-1 2.51814E-1 2.44401E-1 2.28285E-1 2.17721E-1 2.04753E-1 1.95331E-1 1.84388E-1 1.74881E-1 1.64828E-1 1.54048E-1 1.48672E-1 1.49007E-1 1.42583E-1 1.36033E-1 1.29059E-1 1.22792E-1 1.17356E-1 1.13058E-1 1.093E-1 1.05812E-1 1.0255E-1 9.9364E-2 9.64993E-2 9.39186E-2 9.15341E-2 8.9279E-2 8.68797E-2 8.47469E-2 8.27581E-2 8.07457E-2 7.89803E-2 7.78735E-2 7.74128E-2
9.7674E-1 9.73414E-1 9.6189E-1 9.67731E-1 9.54633E-1 9.38441E-1 9.19483E-1 8.95393E-1 8.64633E-1 8.32745E-1 7.9815E-1 7.57248E-1 7.16244E-1 6.74907E-1 6.33245E-1 6.07473E-1 5.70732E-1 5.38189E-1 5.05819E-1 4.75017E-1 4.46291E-1 4.22411E-1 4.03793E-1 3.75021E-1 3.45599E-1 3.23695E-1 3.03024E-1 2.68528E-1 2.55539E-1 2.44083E-1 2.34343E-1 2.21868E-1 2.10661E-1 2.00642E-1 1.91064E-1 1.7828E-1 1.66112E-1 1.5654E-1 1.5129E-1 1.50996E-1 1.43898E-1 1.37201E-1 1.29213E-1 1.22997E-1 1.18317E-1 1.14359E-1 1.10408E-1 1.06701E-1 1.03355E-1 1.00247E-1 9.72906E-2 9.46258E-2 9.21626E-2 8.97167E-2 8.75312E-2 8.53714E-2 8.3248E-2 8.13201E-2 7.95062E-2 7.81433E-2 7.74561E-2
9.84986E-1 9.77952E-1 9.67599E-1 9.72484E-1 9.59681E-1 9.45695E-1 9.23506E-1 9.06018E-1 8.69219E-1 8.37947E-1 8.0695E-1 7.65362E-1 7.21384E-1 6.8077E-1 6.43687E-1 6.19748E-1 5.84475E-1 5.52043E-1 5.19831E-1 4.88324E-1 4.58843E-1 4.45726E-1 4.25735E-1 3.92023E-1 3.59666E-1 3.31303E-1 3.10361E-1 2.75344E-1 2.61152E-1 2.51122E-1 2.40206E-1 2.25978E-1 2.16885E-1 2.0246E-1 1.90173E-1 1.78729E-1 1.68267E-1 1.59444E-1 1.53414E-1 1.53957E-1 1.44589E-1 1.3807E-1 1.30549E-1 1.24178E-1 1.1989E-1 1.15191E-1 1.11401E-1 1.07641E-1 1.04236E-1 1.01054E-1 9.81535E-2 9.56558E-2 9.30194E-2 9.05792E-2 8.82909E-2 8.61947E-2 8.42787E-2 8.23307E-2 8.04974E-2 7.84711E-2 7.7136E-2
9.84607E-1 9.80261E-1 9.70886E-1 9.67321E-1 9.63037E-1 9.46697E-1 9.28224E-1 9.05428E-1 8.74719E-1 8.39547E-1 8.07561E-1 7.69767E-1 7.26379E-1 6.90677E-1 6.55652E-1 6.31548E-1 5.9808E-1 5.64972E-1 5.35855E-1 5.12396E-1 4.85646E-1 4.66026E-1 4.35495E-1 4.09937E-1 3.73856E-1 3.44171E-1 3.17779E-1 2.81778E-1 2.65126E-1 2.54666E-1 2.44068E-1 2.31281E-1 2.21845E-1 2.04729E-1 1.94034E-1 1.80783E-1 1.7175E-1 1.6213E-1 1.56015E-1 1.55245E-1 1.46465E-1 1.39134E-1 1.32048E-1 1.25893E-1 1.21771E-1 1.16574E-1 1.12579E-1 1.08759E-1 1.05251E-1 1.01994E-1 9.89467E-2 9.64629E-2 9.36403E-2 9.10739E-2 8.86699E-2 8.66133E-2 8.51256E-2 8.44845E-2 8.18939E-2 7.95812E-2 7.77918E-2
9.84333E-1 9.74391E-1 9.73013E-1 9.76594E-1 9.66854E-1 9.52926E-1 9.28739E-1 8.97857E-1 8.63187E-1 8.35564E-1 8.06539E-1 7.72243E-1 7.36731E-1 7.01413E-1 6.66792E-1 6.43604E-1 6.18067E-1 5.93145E-1 5.65229E-1 5.37916E-1 5.10297E-1 4.76179E-1 4.50477E-1 4.1664E-1 3.90055E-1 3.51884E-1 3.25368E-1 2.89622E-1 2.74872E-1 2.60186E-1 2.47141E-1 2.33861E-1 2.22262E-1 2.11897E-1 1.94927E-1 1.84809E-1 1.74763E-1 1.64944E-1 1.58524E-1 1.57009E-1 1.48127E-1 1.39336E-1 1.35363E-1 1.28495E-1 1.21543E-1 1.1764E-1 1.1361E-1 1.09746E-1 1.06146E-1 1.02846E-1 9.9733E-2 9.68759E-2 9.42345E-2 9.1834E-2 8.94211E-2 8.76125E-2 8.56893E-2 8.43087E-2 8.18713E-2 8.09752E-2 7.84128E-2
9.84715E-1 9.78782E-1 9.65635E-1 9.77872E-1 9.68755E-1 9.43891E-1 9.19838E-1 8.98206E-1 8.69349E-1 8.41567E-1 8.11393E-1 7.80222E-1 7.47384E-1 7.13408E-1 6.80959E-1 6.59515E-1 6.55781E-1 6.20428E-1 5.89882E-1 5.56332E-1 5.20822E-1 4.89487E-1 4.57924E-1 4.21332E-1 3.95519E-1 3.68605E-1 3.34636E-1 2.94895E-1 2.79411E-1 2.64588E-1 2.51369E-1 2.37334E-1 2.2413E-1 2.09801E-1 2.00045E-1 1.87656E-1 1.76516E-1 1.67324E-1 1.59891E-1 1.57228E-1 1.48384E-1 1.41378E-1 1.35786E-1 1.29945E-1 1.23058E-1 1.18567E-1 1.14594E-1 1.10618E-1 1.06961E-1 1.03628E-1 1.00517E-1 9.7649E-2 9.49635E-2 9.23964E-2 8.98573E-2 8.75676E-2 8.59352E-2 8.40015E-2 8.24429E-2 8.17079E-2 7.96405E-2
9.82031E-1 9.79771E-1 9.67545E-1 9.72211E-1 9.6152E-1 9.43931E-1 9.21321E-1 9.0056E-1 8.78347E-1 8.52679E-1 8.23667E-1 7.92237E-1 7.60951E-1 7.30534E-1 7.02324E-1 6.88539E-1 6.66532E-1 6.33784E-1 6.00573E-1 5.84558E-1 5.33207E-1 5.00569E-1 4.66479E-1 4.36282E-1 4.05924E-1 3.68266E-1 3.41811E-1 3.06039E-1 2.84843E-1 2.67217E-1 2.53851E-1 2.4155E-1 2.25131E-1 2.11923E-1 1.99124E-1 1.87902E-1 1.78015E-1 1.68557E-1 1.62246E-1 1.58159E-1 1.48978E-1 1.44165E-1 1.3736E-1 1.30432E-1 1.24194E-1 1.19484E-1 1.15435E-1 1.11474E-1 1.0782E-1 1.04459E-1 1.01316E-1 9.8488E-2 9.57218E-2 9.27259E-2 9.0612E-2 8.82017E-2 8.60932E-2 8.42775E-2 8.2734E-2 8.11075E-2 8.0008E-2
9.6627E-1 9.79378E-1 9.72283E-1 9.75049E-1 9.63946E-1 9.46737E-1 9.25504E-1 9.07051E-1 8.85579E-1 8.6188E-1 8.36254E-1 8.04769E-1 7.78714E-1 7.48333E-1 7.15545E-1 7.01292E-1 6.80281E-1 6.59815E-1 6.25026E-1 5.80636E-1 5.42806E-1 5.06697E-1 4.7174E-1 4.40456E-1 4.11953E-1 3.73927E-1 3.60967E-1 3.20151E-1 2.94559E-1 2.77802E-1 2.56495E-1 2.44963E-1 2.27908E-1 2.14832E-1 2.02935E-1 1.92611E-1 1.8222E-1 1.71937E-1 1.65691E-1 1.60472E-1 1.51867E-1 1.43478E-1 1.37111E-1 1.30555E-1 1.24961E-1 1.20439E-1 1.16272E-1 1.12331E-1 1.0867E-1 1.05264E-1 1.02187E-1 9.92364E-2 9.6176E-2 9.31717E-2 9.12294E-2 8.92895E-2 8.69916E-2 8.49371E-2 8.30979E-2 8.19237E-2 8.01656E-2
9.83297E-1 9.73334E-1 9.72257E-1 9.7597E-1 9.60263E-1 9.4543E-1 9.28877E-1 9.11727E-1 8.92364E-1 8.712E-1 8.46441E-1 8.17263E-1 7.90963E-1 7.62664E-1 7.28491E-1 7.21161E-1 6.80905E-1 6.6684E-1 6.34235E-1 5.81603E-1 5.45782E-1 5.12138E-1 4.82116E-1 4.46532E-1 4.13464E-1 3.80094E-1 3.68083E-1 3.24383E-1 3.03678E-1 2.81005E-1 2.63382E-1 2.47018E-1 2.31774E-1 2.17313E-1 2.04668E-1 1.96036E-1 1.86451E-1 1.75308E-1 1.61876E-1 1.59E-1 1.5055E-1 1.44044E-1 1.36557E-1 1.30913E-1 1.25919E-1 1.21348E-1 1.17131E-1 1.13169E-1 1.09515E-1 1.06143E-1 1.0295E-1 1.00012E-1 9.71673E-2 9.44773E-2 9.194E-2 8.95836E-2 8.73816E-2 8.55436E-2 8.36421E-2 8.20041E-2 8.07144E-2
9.81815E-1 9.75883E-1 9.72422E-1 9.73539E-1 9.58727E-1 9.46369E-1 9.31961E-1 9.15769E-1 9.00067E-1 8.81593E-1 8.59405E-1 8.28333E-1 8.00791E-1 7.72198E-1 7.42515E-1 7.27687E-1 7.01036E-1 6.63045E-1 6.27925E-1 5.88632E-1 5.52525E-1 5.19908E-1 4.86862E-1 4.56416E-1 4.16184E-1 3.91311E-1 3.64606E-1 3.22188E-1 3.01996E-1 2.83238E-1 2.66435E-1 2.49579E-1 2.33993E-1 2.19092E-1 2.06557E-1 1.96567E-1 1.88615E-1 1.72725E-1 1.62062E-1 1.59104E-1 1.50806E-1 1.4321E-1 1.37678E-1 1.31267E-1 1.26479E-1 1.22127E-1 1.17913E-1 1.14045E-1 1.10363E-1 1.06936E-1 1.03749E-1 1.00649E-1 9.78541E-2 9.52385E-2 9.26277E-2 9.01773E-2 8.80371E-2 8.59438E-2 8.41393E-2 8.23508E-2 8.09401E-2
9.70148E-1 9.62603E-1 9.49919E-1 9.53964E-1 9.39975E-1 9.24679E-1 9.07286E-1 8.87146E-1 8.66747E-1 8.51956E-1 8.37629E-1 7.93814E-1 7.65695E-1 7.35422E-1 7.04047E-1 7.10713E-1 6.87562E-1 6.55228E-1 6.08588E-1 5.7018E-1 5.37067E-1 5.03225E-1 4.67193E-1 4.34467E-1 4.02956E-1 3.78139E-1 3.53396E-1 3.30239E-1 3.09146E-1 2.88231E-1 2.68661E-1 2.51734E-1 2.35975E-1 2.20937E-1 2.07104E-1 1.9683E-1 1.88848E-1 1.72677E-1 1.62028E-1 1.63792E-1 1.55987E-1 1.50571E-1 1.42409E-1 1.36225E-1 1.31597E-1 1.26959E-1 1.22663E-1 1.18682E-1 1.14943E-1 1.11459E-1 1.08133E-1 9.5118E-2 9.24084E-2 8.98228E-2 8.73389E-2 8.47508E-2 8.26679E-2 8.08943E-2 7.9198E-2 7.74258E-2 7.59021E-2
9.65681E-1 9.55266E-1 9.44039E-1 9.5297E-1 9.40806E-1 9.27291E-1 9.13315E-1 8.96914E-1 8.7477E-1 8.5663E-1 8.46386E-1 8.05442E-1 7.72761E-1 7.46701E-1 7.16011E-1 7.2008E-1 6.91961E-1 6.58849E-1 6.12363E-1 5.77772E-1 5.42675E-1 5.09718E-1 4.75376E-1 4.41024E-1 4.10892E-1 3.84648E-1 3.6092E-1 3.38306E-1 3.1686E-1 2.94449E-1 2.72419E-1 2.55561E-1 2.38093E-1 2.22291E-1 2.08432E-1 1.95122E-1 1.91031E-1 1.75676E-1 1.63783E-1 1.64338E-1 1.58507E-1 1.49983E-1 1.42867E-1 1.37022E-1 1.32426E-1 1.27805E-1 1.23542E-1 1.1954E-1 1.15844E-1 1.12291E-1 1.08961E-1 9.59361E-2 9.30846E-2 9.0363E-2 8.78211E-2 8.52651E-2 8.31887E-2 8.14E-2 7.97016E-2 7.82933E-2 7.69592E-2
