RStudio/Xiphophorus/MaxEnt Models/Xiphophorus multilineatus/Xiphophorus_multilineatus.asc
ncols         432
nrows         590
xllcorner     -101.36634685401
yllcorner     19.040437502918
cellsize      0.008333332798
NODATA_value  -9999
[rows 459 to 485 of 590, columns 305 to 365 of 432]
1.56297E-3 1.58074E-3 1.53095E-3 4.60196E-4 4.46091E-4 5.0262E-4 5.36444E-4 5.30381E-4 5.40335E-4 5.50372E-4 5.43331E-4 5.82008E-4 4.23605E-4 4.66945E-4 4.50525E-4 1.08282E-4 1.10538E-4 1.31177E-4 1.13043E-4 1.15595E-4 1.08149E-4 1.18088E-4 1.36554E-4 1.27023E-4 1.18366E-4 1.15793E-4 1.16498E-4 2.08508E-4 2.11931E-4 2.14371E-4 2.13816E-4 2.19598E-4 2.26286E-4 2.33724E-4 2.59219E-4 2.35085E-4 2.48179E-4 2.84974E-4 2.86096E-4 3.04043E-4 3.09108E-4 3.29952E-4 4.14134E-4 4.59249E-4 5.18709E-4 5.35149E-4 5.19898E-4 4.94338E-4 5.14423E-4 5.22573E-4 5.13128E-4 4.00294E-4 3.99398E-4 3.97497E-4 3.95065E-4 3.71365E-4 3.4273E-4 3.01569E-4 3.20501E-4 2.75023E-4 2.46774E-4
1.60958E-3 1.59203E-3 1.65007E-3 5.53524E-4 5.60856E-4 5.64663E-4 5.76143E-4 6.01558E-4 6.14886E-4 6.20969E-4 6.25586E-4 6.09641E-4 5.65314E-4 5.51349E-4 5.21568E-4 1.2904E-4 1.20667E-4 1.1237E-4 1.23626E-4 1.36914E-4 1.26921E-4 1.27654E-4 1.31638E-4 1.39607E-4 1.3367E-4 1.22369E-4 1.18934E-4 2.22373E-4 2.18904E-4 2.21474E-4 2.20775E-4 2.39847E-4 2.27717E-4 2.41036E-4 2.3953E-4 2.31905E-4 2.69954E-4 2.61835E-4 2.72156E-4 2.97305E-4 3.44408E-4 3.84079E-4 4.42893E-4 4.87869E-4 4.81768E-4 5.33506E-4 5.2935E-4 5.09768E-4 5.13347E-4 5.13304E-4 5.10077E-4 3.98733E-4 3.97264E-4 3.93977E-4 3.91082E-4 3.42997E-4 2.84766E-4 2.44538E-4 2.3991E-4 2.39066E-4 2.48459E-4
1.6306E-3 1.63856E-3 1.74164E-3 6.10231E-4 6.19024E-4 6.23017E-4 6.28029E-4 6.34928E-4 6.43006E-4 6.48417E-4 6.38042E-4 6.46774E-4 6.47823E-4 5.86589E-4 5.43608E-4 1.5938E-4 1.54931E-4 1.2569E-4 1.16367E-4 1.58678E-4 1.51026E-4 1.22083E-4 1.40489E-4 1.32764E-4 1.40931E-4 1.23822E-4 1.23136E-4 2.27723E-4 2.26488E-4 2.27953E-4 2.34276E-4 2.46944E-4 2.36735E-4 2.43769E-4 2.37686E-4 2.3899E-4 2.51343E-4 2.44976E-4 2.494E-4 2.83134E-4 3.53201E-4 4.05946E-4 4.19177E-4 3.75957E-4 3.93914E-4 5.27612E-4 5.23929E-4 5.17803E-4 5.15999E-4 5.14117E-4 5.10796E-4 3.9763E-4 3.9465E-4 3.92252E-4 3.87837E-4 3.53691E-4 2.82208E-4 2.57852E-4 2.56392E-4 2.53305E-4 2.70113E-4
1.66737E-3 1.67036E-3 1.77335E-3 6.28891E-4 6.42127E-4 6.50188E-4 6.56706E-4 6.63212E-4 6.70106E-4 6.67799E-4 5.53509E-4 5.14927E-4 6.41281E-4 6.47012E-4 6.19975E-4 1.69217E-4 1.61359E-4 1.36887E-4 1.18584E-4 1.62027E-4 1.27039E-4 1.25115E-4 1.21993E-4 1.2394E-4 1.23632E-4 1.33198E-4 1.31542E-4 2.38618E-4 2.34817E-4 2.40036E-4 2.6157E-4 2.87017E-4 4.49613E-5 2.45889E-4 2.54874E-4 2.49443E-4 2.46123E-4 2.88062E-4 2.6228E-4 2.86559E-4 3.18869E-4 3.35395E-4 3.5035E-4 3.55116E-4 4.07534E-4 5.26962E-4 5.2186E-4 5.18806E-4 5.1778E-4 5.16023E-4 5.12111E-4 3.96947E-4 3.91444E-4 3.90987E-4 3.79274E-4 3.63014E-4 3.44679E-4 3.28925E-4 2.91697E-4 2.64714E-4 2.56894E-4
2.37698E-3 2.377E-3 2.52922E-3 2.64915E-3 2.76004E-3 2.8016E-3 2.83786E-3 2.87176E-3 2.90154E-3 2.90218E-3 2.85453E-3 2.30777E-3 2.40998E-3 2.6158E-3 2.56525E-3 1.89625E-3 1.80245E-3 1.51409E-3 1.47798E-3 1.6773E-3 1.59652E-3 1.47028E-3 1.46227E-3 1.53576E-3 1.49693E-3 1.50878E-3 1.5353E-3 2.98763E-4 3.05058E-4 3.10309E-4 3.57329E-4 5.42471E-5 5.50025E-5 3.68411E-4 3.39295E-4 3.17032E-4 3.43337E-4 3.20721E-4 3.2059E-4 3.14857E-4 3.51536E-4 3.66829E-4 3.98146E-4 4.66964E-4 4.80525E-4 5.07248E-4 5.50419E-4 5.59914E-4 5.55954E-4 5.53661E-4 5.47326E-4 1.3824E-3 1.3697E-3 1.36255E-3 1.30802E-3 1.25663E-3 1.20862E-3 1.15871E-3 1.02719E-3 8.97797E-4 8.63805E-4
2.53698E-3 2.54172E-3 2.68883E-3 2.7481E-3 2.85097E-3 2.90866E-3 2.945E-3 2.98012E-3 3.01993E-3 3.01683E-3 2.98323E-3 2.48582E-3 2.651E-3 2.63697E-3 2.54765E-3 1.79995E-3 1.59232E-3 1.77978E-3 1.5679E-3 1.48633E-3 1.52386E-3 1.59657E-3 1.51328E-3 1.53486E-3 1.95368E-3 1.57653E-3 1.57235E-3 3.11011E-4 3.23419E-4 3.41998E-4 3.43079E-4 3.73767E-4 5.29023E-5 5.52158E-5 3.51237E-4 3.51142E-4 3.52297E-4 3.38223E-4 3.33436E-4 3.38309E-4 3.56157E-4 3.70948E-4 4.10708E-4 4.78402E-4 4.9071E-4 5.11232E-4 5.37614E-4 5.61476E-4 5.57365E-4 5.53814E-4 5.47264E-4 1.38388E-3 1.38193E-3 1.35652E-3 1.30537E-3 1.25137E-3 1.19993E-3 1.14384E-3 1.0119E-3 9.19515E-4 9.14219E-4
2.70157E-3 2.82974E-3 2.93642E-3 2.94181E-3 2.98936E-3 3.02382E-3 3.06028E-3 3.09092E-3 3.12699E-3 3.14081E-3 3.11332E-3 3.0711E-3 2.60742E-3 2.63916E-3 2.68488E-3 2.03074E-3 2.04631E-3 2.11074E-3 2.10381E-3 2.04215E-3 1.87143E-3 2.04398E-3 1.88211E-3 1.98708E-3 2.05884E-3 1.85254E-3 1.82129E-3 3.25786E-4 3.2679E-4 3.38532E-4 3.50479E-4 3.68571E-4 3.84504E-4 5.48938E-5 5.70928E-5 3.54274E-4 3.4202E-4 3.45008E-4 3.46532E-4 3.45584E-4 3.68684E-4 3.82824E-4 4.03418E-4 4.46771E-4 4.76712E-4 4.96762E-4 5.22939E-4 5.49795E-4 5.58154E-4 5.5443E-4 5.48236E-4 1.3884E-3 1.38009E-3 1.36146E-3 1.30835E-3 1.21427E-3 1.22474E-3 1.17186E-3 1.04152E-3 9.55341E-4 9.86361E-4
2.80997E-3 2.94402E-3 3.09708E-3 3.07451E-3 3.11498E-3 3.15136E-3 3.18631E-3 3.21391E-3 3.27061E-3 3.2699E-3 3.24127E-3 3.18155E-3 2.75762E-3 3.08223E-3 3.21931E-3 2.42368E-3 2.36807E-3 2.38278E-3 2.4043E-3 2.36287E-3 2.29489E-3 2.29685E-3 2.31562E-3 2.17476E-3 2.05112E-3 2.02821E-3 1.80121E-3 3.31971E-4 3.31696E-4 3.51101E-4 3.56312E-4 3.47222E-4 3.53495E-4 3.62263E-4 3.69209E-4 3.48244E-4 3.56226E-4 3.72654E-4 3.78093E-4 3.72651E-4 3.94795E-4 4.05071E-4 4.22607E-4 4.39574E-4 4.6373E-4 4.90857E-4 5.1301E-4 5.2778E-4 5.45693E-4 5.54657E-4 5.51099E-4 1.3991E-3 1.38568E-3 1.36947E-3 1.32355E-3 1.27826E-3 1.23036E-3 1.18818E-3 1.10114E-3 1.03857E-3 1.05524E-3
3.01833E-3 3.21891E-3 3.27284E-3 3.21088E-3 3.25191E-3 3.29017E-3 3.32688E-3 3.36466E-3 3.40206E-3 3.39639E-3 3.35836E-3 3.35292E-3 3.35738E-3 3.32673E-3 3.36625E-3 2.65532E-3 2.66014E-3 2.66094E-3 2.64647E-3 2.59655E-3 2.49291E-3 2.35267E-3 2.25213E-3 2.03511E-3 1.90375E-3 1.89889E-3 1.80731E-3 3.41637E-4 3.44195E-4 3.52005E-4 3.5567E-4 3.56334E-4 3.56782E-4 3.56132E-4 3.63004E-4 3.63572E-4 3.80755E-4 3.98466E-4 4.05162E-4 3.97539E-4 4.09289E-4 4.21222E-4 4.30358E-4 4.44475E-4 4.64925E-4 4.82911E-4 4.94533E-4 5.09763E-4 5.23808E-4 5.44022E-4 5.54685E-4 1.4066E-3 1.38879E-3 1.37209E-3 1.3306E-3 1.27265E-3 1.20935E-3 1.18464E-3 1.1566E-3 1.14377E-3 1.1428E-3
3.24079E-3 3.3528E-3 3.40077E-3 3.33366E-3 3.38291E-3 3.43177E-3 3.47612E-3 3.52106E-3 3.55952E-3 3.53992E-3 3.52743E-3 3.51628E-3 3.51369E-3 3.50963E-3 3.53531E-3 2.78788E-3 2.76757E-3 2.73521E-3 2.58958E-3 2.47098E-3 2.42163E-3 2.31865E-3 1.99478E-3 1.96565E-3 2.01625E-3 1.98045E-3 1.92054E-3 3.66989E-4 3.61061E-4 3.66392E-4 3.62863E-4 3.6681E-4 3.68722E-4 3.72442E-4 3.97871E-4 4.00373E-4 4.05244E-4 4.16742E-4 4.20511E-4 4.1028E-4 4.16234E-4 4.24807E-4 4.34596E-4 4.49379E-4 4.59238E-4 4.60296E-4 4.69934E-4 4.96417E-4 5.08155E-4 5.29452E-4 5.57555E-4 1.41112E-3 1.39619E-3 1.37574E-3 1.34331E-3 1.30606E-3 1.2395E-3 1.19024E-3 1.1804E-3 1.17466E-3 1.12084E-3
3.15859E-3 3.22198E-3 3.51379E-3 3.47124E-3 3.52528E-3 3.5731E-3 3.62625E-3 3.67185E-3 3.7165E-3 3.6965E-3 3.67722E-3 3.67482E-3 3.68566E-3 3.6929E-3 3.69909E-3 2.88165E-3 2.85596E-3 2.78208E-3 2.55512E-3 2.39697E-3 2.16931E-3 2.18346E-3 2.058E-3 2.20825E-3 2.28182E-3 2.2114E-3 2.16576E-3 4.15077E-4 3.97505E-4 4.07294E-4 3.95417E-4 3.78322E-4 3.81585E-4 3.86192E-4 4.13418E-4 4.21329E-4 4.275E-4 4.27237E-4 4.24383E-4 4.13528E-4 4.21505E-4 4.3346E-4 4.42883E-4 4.52523E-4 4.49567E-4 4.45528E-4 4.539E-4 4.7884E-4 5.068E-4 5.27912E-4 5.53193E-4 1.42402E-3 1.40582E-3 1.3821E-3 1.35127E-3 1.32359E-3 1.2924E-3 1.258E-3 1.22923E-3 1.16381E-3 1.15614E-3
3.50404E-3 3.47288E-3 3.67548E-3 3.63021E-3 3.67872E-3 3.72553E-3 3.77943E-3 3.82846E-3 3.86233E-3 3.84342E-3 3.84059E-3 3.85187E-3 3.85442E-3 3.84492E-3 3.81804E-3 2.97053E-3 2.94489E-3 2.79863E-3 2.4996E-3 2.17081E-3 2.37238E-3 2.14496E-3 2.40703E-3 2.54613E-3 2.52326E-3 2.48528E-3 2.40579E-3 4.56286E-4 4.37784E-4 4.2387E-4 3.97037E-4 3.95036E-4 3.98634E-4 4.06112E-4 4.32313E-4 4.38883E-4 4.4097E-4 4.36039E-4 4.31907E-4 4.27028E-4 4.3913E-4 4.48095E-4 4.52632E-4 4.45681E-4 4.41069E-4 4.41096E-4 4.50561E-4 4.72175E-4 5.09786E-4 5.23927E-4 5.32132E-4 1.41566E-3 1.41731E-3 1.39027E-3 1.36127E-3 1.33703E-3 1.31099E-3 1.26623E-3 1.22791E-3 1.17907E-3 1.16743E-3
3.8054E-3 3.83738E-3 3.87669E-3 3.79056E-3 3.8456E-3 3.89136E-3 3.94424E-3 4.00066E-3 4.0265E-3 4.00516E-3 4.0064E-3 4.02079E-3 4.00606E-3 3.97377E-3 3.92569E-3 3.06774E-3 2.61682E-3 2.7722E-3 2.61781E-3 2.54069E-3 2.72097E-3 2.73325E-3 2.68539E-3 2.74395E-3 2.49491E-3 2.22929E-3 2.22873E-3 4.47046E-4 4.4149E-4 4.25121E-4 4.23376E-4 4.26829E-4 4.23865E-4 4.26239E-4 4.33539E-4 4.42176E-4 4.56047E-4 4.53441E-4 4.54169E-4 4.49763E-4 4.5444E-4 4.51328E-4 4.42784E-4 4.36866E-4 4.35481E-4 4.36453E-4 4.42495E-4 4.54601E-4 4.86965E-4 5.06746E-4 5.13206E-4 1.33515E-3 1.3422E-3 1.33078E-3 1.32342E-3 1.30826E-3 1.33256E-3 1.30132E-3 1.21209E-3 1.17548E-3 1.17056E-3
4.02189E-3 4.06573E-3 4.09153E-3 3.98046E-3 4.02479E-3 4.07133E-3 4.12309E-3 4.19264E-3 4.19926E-3 4.18446E-3 4.18458E-3 4.19921E-3 4.17987E-3 4.13491E-3 4.1122E-3 3.18355E-3 2.84952E-3 2.8041E-3 2.68665E-3 2.72694E-3 2.94501E-3 3.02415E-3 2.89903E-3 2.70725E-3 2.34517E-3 2.21534E-3 2.24138E-3 4.31847E-4 4.23011E-4 4.34149E-4 4.42018E-4 4.39386E-4 4.42351E-4 4.46368E-4 4.43861E-4 4.66635E-4 4.75099E-4 4.70949E-4 4.79511E-4 4.64722E-4 4.58578E-4 4.49242E-4 4.40359E-4 4.4076E-4 4.41171E-4 4.40815E-4 4.41319E-4 4.44747E-4 4.59087E-4 4.82795E-4 4.87139E-4 1.26421E-3 1.293E-3 1.285E-3 1.28021E-3 1.27023E-3 1.26662E-3 1.25093E-3 1.21484E-3 1.17619E-3 1.16834E-3
4.27815E-3 4.37317E-3 4.33584E-3 4.18926E-3 4.22384E-3 4.2642E-3 4.32292E-3 4.38079E-3 4.37339E-3 4.37077E-3 4.37063E-3 4.38431E-3 4.36228E-3 4.30798E-3 4.24275E-3 3.16899E-3 2.96237E-3 2.84968E-3 2.9506E-3 3.26708E-3 3.24223E-3 3.08137E-3 2.93051E-3 2.65687E-3 2.40391E-3 2.21827E-3 2.26535E-3 4.42429E-4 4.42804E-4 4.6546E-4 4.57861E-4 4.37247E-4 4.53965E-4 4.63389E-4 4.53114E-4 4.67342E-4 4.86789E-4 4.92488E-4 4.94141E-4 4.71041E-4 4.65118E-4 4.57436E-4 4.46619E-4 4.47196E-4 4.47545E-4 4.48678E-4 4.50347E-4 4.52208E-4 4.56477E-4 4.61146E-4 4.64964E-4 1.22943E-3 1.2687E-3 1.20962E-3 1.21843E-3 1.21306E-3 1.2151E-3 1.21654E-3 1.21181E-3 1.18551E-3 1.17079E-3
4.45622E-3 4.49779E-3 4.53249E-3 4.3971E-3 4.42059E-3 4.479E-3 4.53873E-3 4.56409E-3 4.56818E-3 4.57597E-3 4.57642E-3 4.57377E-3 4.54243E-3 4.46773E-3 4.36138E-3 3.10675E-3 2.82673E-3 2.94527E-3 3.40669E-3 3.42758E-3 3.34885E-3 3.14511E-3 2.94805E-3 2.86841E-3 2.4957E-3 2.29948E-3 2.34333E-3 4.5936E-4 4.74896E-4 4.97243E-4 4.75211E-4 4.72336E-4 4.78491E-4 4.72712E-4 4.74906E-4 4.93464E-4 5.02339E-4 5.07359E-4 5.02947E-4 4.79879E-4 4.76063E-4 4.70981E-4 4.56663E-4 4.49545E-4 4.53669E-4 4.5185E-4 4.56078E-4 4.63444E-4 4.65081E-4 4.63811E-4 4.64792E-4 1.19132E-3 1.23262E-3 1.22601E-3 1.21816E-3 1.19561E-3 1.19185E-3 1.19285E-3 1.20168E-3 1.19038E-3 1.17717E-3
4.69334E-3 4.74248E-3 4.78434E-3 4.79809E-3 4.82207E-3 4.87007E-3 4.9047E-3 4.91479E-3 4.92437E-3 4.93206E-3 4.91493E-3 4.896E-3 4.90839E-3 4.84615E-3 4.70956E-3 3.70113E-3 3.51784E-3 3.67769E-3 4.08283E-3 4.09439E-3 3.95348E-3 3.64182E-3 3.05562E-3 2.96812E-3 2.79096E-3 2.8564E-3 2.94535E-3 1.7249E-3 1.75707E-3 1.73832E-3 1.71788E-3 1.69518E-3 1.68051E-3 1.66402E-3 1.67178E-3 1.73896E-3 1.76417E-3 1.75368E-3 1.73167E-3 4.76691E-4 4.72461E-4 4.62964E-4 4.47295E-4 4.44046E-4 4.42796E-4 4.4093E-4 4.47439E-4 4.56062E-4 4.58984E-4 4.57485E-4 4.57627E-4 6.24157E-4 6.24828E-4 6.33308E-4 6.24287E-4 6.14849E-4 6.21644E-4 6.17815E-4 6.1895E-4 6.17398E-4 6.1718E-4
4.95366E-3 5.00981E-3 5.04409E-3 5.08492E-3 5.07628E-3 5.09595E-3 5.10962E-3 5.11344E-3 5.11314E-3 5.06966E-3 5.05013E-3 5.03562E-3 5.05321E-3 5.06675E-3 4.95808E-3 4.12081E-3 4.03764E-3 4.09691E-3 4.25898E-3 4.24226E-3 4.18914E-3 3.32005E-3 2.87233E-3 3.13064E-3 3.14326E-3 3.07269E-3 3.10546E-3 1.81226E-3 1.83215E-3 1.78853E-3 1.75228E-3 1.74794E-3 1.76457E-3 1.77718E-3 1.78453E-3 1.81182E-3 1.82091E-3 1.79425E-3 1.77719E-3 4.906E-4 4.83106E-4 4.72436E-4 4.5837E-4 4.5466E-4 4.54998E-4 4.56136E-4 4.62295E-4 4.67377E-4 4.67675E-4 4.65779E-4 4.63426E-4 6.37239E-4 6.40506E-4 6.46107E-4 6.41305E-4 6.38454E-4 6.31247E-4 6.28426E-4 6.24089E-4 6.2422E-4 6.25806E-4
5.21255E-3 5.28282E-3 5.31684E-3 5.33629E-3 5.2726E-3 5.24861E-3 5.23871E-3 5.25523E-3 5.27001E-3 5.17467E-3 5.14463E-3 5.15986E-3 5.18776E-3 5.21408E-3 5.20612E-3 4.4699E-3 4.43876E-3 4.4516E-3 4.44222E-3 4.33801E-3 4.12891E-3 3.81405E-3 3.41715E-3 3.44382E-3 3.42939E-3 3.35865E-3 3.34004E-3 1.94148E-3 1.87914E-3 1.83427E-3 1.83542E-3 1.82589E-3 1.84434E-3 1.87191E-3 1.88977E-3 1.88907E-3 1.87497E-3 1.85615E-3 1.83421E-3 5.07357E-4 5.02868E-4 4.90443E-4 4.78981E-4 4.7759E-4 4.78757E-4 4.73822E-4 4.79411E-4 4.8034E-4 4.79532E-4 4.77332E-4 4.72801E-4 6.43366E-4 6.47245E-4 6.63045E-4 6.63285E-4 6.64955E-4 6.49314E-4 6.45916E-4 6.45167E-4 6.38098E-4 6.38013E-4
5.48394E-3 5.53266E-3 5.56572E-3 5.56834E-3 5.42096E-3 5.33596E-3 5.26919E-3 5.35439E-3 5.39877E-3 5.31486E-3 5.20235E-3 5.10779E-3 5.24099E-3 5.2951E-3 5.41542E-3 4.69825E-3 4.67104E-3 4.63525E-3 4.57151E-3 4.43615E-3 4.23071E-3 3.90707E-3 3.84692E-3 3.83166E-3 3.76283E-3 3.69557E-3 3.54324E-3 1.96181E-3 1.91439E-3 1.93003E-3 1.94955E-3 1.88621E-3 1.8986E-3 1.96013E-3 1.9503E-3 1.94289E-3 1.92893E-3 1.92164E-3 1.90595E-3 5.22092E-4 5.23674E-4 5.17899E-4 5.06513E-4 5.02553E-4 5.00328E-4 4.97624E-4 4.97129E-4 4.95402E-4 4.93597E-4 4.88728E-4 4.8259E-4 6.59662E-4 6.68512E-4 6.82929E-4 6.81442E-4 6.78646E-4 6.73646E-4 6.67959E-4 6.64148E-4 6.55543E-4 6.51701E-4
5.75104E-3 5.79299E-3 5.82206E-3 5.79618E-3 5.7264E-3 5.60663E-3 5.50171E-3 5.5557E-3 5.52566E-3 5.47114E-3 4.86062E-3 4.49934E-3 4.95505E-3 5.30077E-3 5.50608E-3 4.85901E-3 4.81725E-3 4.76135E-3 4.69572E-3 4.46203E-3 4.41516E-3 4.30851E-3 4.02524E-3 3.94472E-3 3.82504E-3 3.72291E-3 3.63679E-3 2.04641E-3 2.02796E-3 2.03015E-3 2.04355E-3 2.02278E-3 1.9893E-3 2.02713E-3 2.01163E-3 1.99478E-3 1.98591E-3 1.98699E-3 1.8342E-3 5.33559E-4 5.28974E-4 5.30381E-4 5.25193E-4 5.25032E-4 5.21497E-4 5.18342E-4 5.13896E-4 5.09975E-4 5.08448E-4 5.06313E-4 5.02924E-4 6.89707E-4 7.01158E-4 7.04114E-4 6.98112E-4 6.9398E-4 6.91532E-4 6.90701E-4 6.87014E-4 6.77983E-4 6.66971E-4
6.03227E-3 6.07047E-3 6.06437E-3 5.96284E-3 5.8516E-3 5.77179E-3 5.77055E-3 5.67275E-3 5.6181E-3 5.39882E-3 4.86995E-3 4.83057E-3 5.27936E-3 5.64736E-3 5.71484E-3 5.02005E-3 4.95615E-3 4.83987E-3 4.62313E-3 4.23148E-3 4.32634E-3 4.29364E-3 4.21998E-3 4.15943E-3 4.05286E-3 3.89794E-3 3.79017E-3 2.05419E-3 1.92668E-3 1.99468E-3 2.14567E-3 2.11572E-3 2.10644E-3 2.07783E-3 2.05952E-3 2.05331E-3 2.05348E-3 2.05581E-3 2.00925E-3 5.45135E-4 5.38844E-4 5.3174E-4 5.20429E-4 5.37853E-4 5.38365E-4 5.3501E-4 5.25931E-4 5.10635E-4 5.18347E-4 5.26424E-4 5.26611E-4 7.21792E-4 7.28314E-4 7.25828E-4 7.17669E-4 7.056E-4 7.07178E-4 7.11204E-4 7.09219E-4 7.0255E-4 6.94835E-4
6.32358E-3 6.35065E-3 6.27096E-3 5.91278E-3 5.77254E-3 5.70702E-3 5.72307E-3 5.56366E-3 5.37048E-3 5.16694E-3 5.09696E-3 5.13645E-3 5.41602E-3 5.61502E-3 5.87051E-3 5.17096E-3 5.14008E-3 5.06547E-3 4.80791E-3 4.51605E-3 4.58125E-3 4.60763E-3 4.54005E-3 4.38756E-3 4.06038E-3 3.91361E-3 3.86497E-3 2.13027E-3 2.06871E-3 2.12926E-3 2.2198E-3 2.19724E-3 2.17752E-3 2.15775E-3 2.13458E-3 2.12277E-3 2.13077E-3 2.13479E-3 2.02989E-3 5.52888E-4 5.46324E-4 5.41733E-4 5.4017E-4 5.48883E-4 5.48399E-4 5.47957E-4 5.42238E-4 5.37182E-4 5.38537E-4 5.41279E-4 5.41785E-4 7.53424E-4 7.53721E-4 7.48484E-4 7.38119E-4 7.15728E-4 7.22348E-4 7.33707E-4 7.34594E-4 7.34037E-4 7.28023E-4
6.62471E-3 6.62112E-3 6.53909E-3 6.28828E-3 5.94906E-3 5.45194E-3 5.48129E-3 5.20619E-3 4.9283E-3 4.65154E-3 4.45575E-3 4.60021E-3 5.19811E-3 5.62757E-3 6.02179E-3 5.32792E-3 5.31887E-3 5.26761E-3 5.16474E-3 5.01649E-3 4.96054E-3 4.84713E-3 4.69887E-3 4.53864E-3 4.18709E-3 3.61939E-3 3.83175E-3 2.32562E-3 2.32134E-3 2.31368E-3 2.29435E-3 2.25E-3 2.22254E-3 2.20886E-3 2.19106E-3 2.18927E-3 2.1974E-3 2.20151E-3 1.99024E-3 5.59961E-4 5.51544E-4 5.53375E-4 5.493E-4 5.55075E-4 5.61216E-4 5.63739E-4 5.61317E-4 5.59009E-4 5.54511E-4 5.35916E-4 5.51899E-4 7.83183E-4 7.78771E-4 7.73281E-4 7.66789E-4 7.5771E-4 7.59181E-4 7.58777E-4 7.54224E-4 7.49478E-4 7.45153E-4
6.93702E-3 6.8406E-3 6.69002E-3 6.40506E-3 5.82756E-3 5.32177E-3 5.05627E-3 4.91325E-3 4.33104E-3 3.85329E-3 3.98666E-3 4.33257E-3 4.98308E-3 5.6456E-3 6.11176E-3 5.47878E-3 5.48456E-3 5.43248E-3 5.22598E-3 5.03408E-3 4.99091E-3 4.89978E-3 4.75806E-3 4.55223E-3 4.21501E-3 3.76899E-3 4.04603E-3 2.39886E-3 2.41675E-3 2.39695E-3 2.34996E-3 2.30845E-3 2.29863E-3 2.25792E-3 2.23212E-3 2.23689E-3 2.23509E-3 2.10041E-3 2.09445E-3 5.63916E-4 5.49775E-4 5.55987E-4 5.68242E-4 5.54285E-4 5.7501E-4 5.77314E-4 5.78221E-4 5.72057E-4 5.49609E-4 5.57996E-4 5.9168E-4 8.10756E-4 8.04863E-4 7.9961E-4 7.96062E-4 7.89852E-4 7.84459E-4 7.80387E-4 7.73578E-4 7.64943E-4 7.7242E-4
7.14815E-3 7.06429E-3 6.89123E-3 6.51043E-3 4.70035E-3 4.65298E-3 4.92686E-3 4.89017E-3 4.27865E-3 3.9366E-3 3.94359E-3 4.23044E-3 5.09717E-3 5.78876E-3 6.17089E-3 5.63362E-3 5.62003E-3 5.41237E-3 5.02346E-3 4.79924E-3 4.77055E-3 4.85286E-3 4.63393E-3 4.41139E-3 4.41965E-3 4.46633E-3 4.40935E-3 2.49651E-3 2.48884E-3 2.45118E-3 2.41591E-3 2.388E-3 2.3642E-3 2.3151E-3 2.18029E-3 1.9927E-3 2.03186E-3 1.99923E-3 2.10787E-3 5.83356E-4 5.73076E-4 5.84513E-4 5.90634E-4 5.8076E-4 5.62978E-4 5.81541E-4 5.77142E-4 5.55085E-4 5.54666E-4 5.91982E-4 6.12944E-4 8.33952E-4 8.28426E-4 8.22483E-4 8.16461E-4 8.1111E-4 8.05406E-4 7.98488E-4 7.93159E-4 7.88087E-4 7.82116E-4
7.36885E-3 7.23026E-3 7.07339E-3 6.83916E-3 6.0038E-3 5.71512E-3 4.75458E-3 5.06722E-3 4.81577E-3 4.14133E-3 4.17437E-3 4.69322E-3 5.38568E-3 5.95655E-3 6.03709E-3 5.41518E-3 5.43403E-3 5.454E-3 5.451E-3 5.33278E-3 5.08471E-3 4.71824E-3 4.53083E-3 4.29682E-3 4.40544E-3 4.50602E-3 4.3556E-3 2.43503E-3 2.49497E-3 2.4613E-3 2.4174E-3 2.43225E-3 2.39167E-3 2.3663E-3 2.18124E-3 2.03675E-3 2.04419E-3 2.06697E-3 2.10055E-3 5.90573E-4 5.93749E-4 5.96201E-4 5.99622E-4 6.22369E-4 6.09082E-4 5.82923E-4 5.76702E-4 5.64042E-4 5.65872E-4 6.11745E-4 6.3146E-4 8.61164E-4 8.57498E-4 8.52513E-4 8.45747E-4 8.40485E-4 8.32729E-4 8.23668E-4 8.14601E-4 8.11742E-4 8.06937E-4
