RStudio/Xiphophorus/MaxEnt Models/Xiphophorus nigrensis/Xiphophorus_nigrensis.asc
ncols         432
nrows         590
xllcorner     -101.36634685401
yllcorner     19.040437502918
cellsize      0.008333332798
NODATA_value  -9999
[rows 432 to 458 of 590, columns 183 to 243 of 432]
5.12355E-6 4.62391E-6 5.08809E-6 5.72392E-6 5.10381E-6 3.89428E-6 3.2044E-6 3.80699E-6 3.79985E-6 3.37609E-6 5.17561E-6 7.43663E-6 6.73403E-6 6.04317E-6 6.13706E-6 6.55748E-6 5.23601E-6 3.93576E-6 3.70256E-6 3.79124E-6 3.42908E-6 2.87909E-6 2.55151E-6 2.39884E-6 2.176E-6 1.99136E-6 1.74489E-6 1.47238E-6 1.42448E-6 5.00916E-7 3.37828E-7 2.02154E-7 1.13358E-7 1.13572E-7 1.04598E-7 1.03633E-7 9.9502E-8 9.5205E-8 8.8292E-8 8.18861E-8 7.51484E-8 1.0466E-7 1.00486E-7 9.39446E-8 1.25776E-7 1.40865E-7 1.57477E-7 2.00786E-7 2.9958E-7 4.24608E-7 3.21869E-7 3.05574E-7 4.70735E-7 9.89857E-7 3.33988E-6 1.02733E-6 1.03106E-6 1.00414E-6 2.9485E-6 3.27755E-6 3.9128E-6
4.72467E-6 4.65843E-6 4.50634E-6 4.62695E-6 4.33458E-6 3.88173E-6 3.75318E-6 4.06238E-6 4.31806E-6 3.24872E-6 4.96962E-6 6.83312E-6 5.70412E-6 5.4705E-6 5.89548E-6 6.44902E-6 5.11011E-6 3.72924E-6 3.52973E-6 3.35497E-6 3.1614E-6 2.76198E-6 2.40124E-6 2.1955E-6 2.03278E-6 1.82344E-6 1.48975E-6 1.24997E-6 1.19544E-6 4.08393E-7 3.72062E-7 2.52256E-7 1.30819E-7 9.79403E-8 8.62016E-8 1.01807E-7 1.01933E-7 9.68191E-8 8.95185E-8 8.38922E-8 7.82067E-8 1.23501E-7 1.16437E-7 9.62684E-8 1.10779E-7 1.12927E-7 1.52309E-7 2.08846E-7 2.65198E-7 3.33349E-7 4.31934E-7 5.61111E-7 6.74912E-7 9.90812E-7 9.19125E-7 9.0788E-7 9.54027E-7 1.07183E-6 3.28362E-6 3.77299E-6 3.23085E-6
4.78308E-6 5.08954E-6 4.91793E-6 4.84659E-6 4.66429E-6 4.21904E-6 4.03127E-6 3.95068E-6 3.44594E-6 4.28372E-6 6.99694E-6 5.83229E-6 5.00039E-6 4.67832E-6 6.0692E-6 6.65127E-6 5.35463E-6 3.71905E-6 3.41684E-6 3.22292E-6 3.04034E-6 2.63822E-6 2.25753E-6 1.88884E-6 1.72873E-6 1.48493E-6 1.1938E-6 9.40389E-7 9.85048E-7 3.25598E-7 3.24588E-7 2.83051E-7 1.55388E-7 1.10323E-7 9.57902E-8 1.0476E-7 1.02072E-7 9.77883E-8 9.15121E-8 8.5719E-8 8.05445E-8 1.26168E-7 1.1831E-7 1.04338E-7 1.02119E-7 1.08586E-7 1.12982E-7 1.72099E-7 2.46941E-7 3.53963E-7 4.89082E-7 5.95993E-7 5.51142E-7 6.70505E-7 7.96075E-7 9.64376E-7 1.06948E-6 3.4517E-6 3.77286E-6 3.84632E-6 2.89708E-6
4.69379E-6 5.0944E-6 5.3586E-6 5.41872E-6 5.20763E-6 4.65567E-6 4.21521E-6 3.73243E-6 3.89071E-6 5.25073E-6 6.47165E-6 5.13145E-6 4.02618E-6 4.20942E-6 5.76483E-6 6.88465E-6 5.666E-6 3.86032E-6 3.42529E-6 3.08396E-6 2.80297E-6 2.48623E-6 1.88635E-6 1.53635E-6 1.34367E-6 1.14158E-6 9.05631E-7 6.39399E-7 6.79484E-7 2.33435E-7 2.44146E-7 2.34513E-7 1.56228E-7 1.13241E-7 1.06232E-7 1.05663E-7 1.05372E-7 9.9082E-8 9.46747E-8 8.79377E-8 8.22133E-8 1.27972E-7 1.18892E-7 9.96099E-8 1.05197E-7 1.10555E-7 1.19804E-7 1.8101E-7 2.67083E-7 3.56662E-7 4.37947E-7 5.48492E-7 6.52747E-7 8.72974E-7 9.04351E-7 1.07822E-6 1.20449E-6 1.16232E-6 1.01426E-6 9.13672E-7 8.36415E-7
4.89264E-6 5.18606E-6 5.51567E-6 5.88276E-6 5.76801E-6 5.0749E-6 4.66827E-6 4.40103E-6 4.47216E-6 4.9587E-6 6.77041E-6 4.36838E-6 3.35355E-6 4.23011E-6 6.15857E-6 5.82575E-6 5.53315E-6 3.90091E-6 3.40284E-6 3.06485E-6 2.70425E-6 2.15772E-6 1.57816E-6 1.16199E-6 8.76638E-7 6.74235E-7 6.0565E-7 4.45812E-7 4.14409E-7 1.53659E-7 1.66883E-7 1.78244E-7 1.5707E-7 1.14114E-7 1.12226E-7 1.12272E-7 1.08692E-7 9.42802E-8 8.7316E-8 8.55956E-8 8.22637E-8 1.28195E-7 1.02373E-7 9.69043E-8 1.06748E-7 1.1455E-7 1.29579E-7 2.49741E-7 2.81375E-7 3.81134E-7 5.22427E-7 6.4436E-7 6.841E-7 8.52891E-7 8.95767E-7 1.13453E-6 1.15693E-6 8.70225E-7 6.82313E-7 4.47588E-7 6.08887E-7
5.16057E-6 5.40175E-6 5.7054E-6 5.95376E-6 6.11592E-6 5.95053E-6 5.61108E-6 5.54609E-6 5.55062E-6 6.36469E-6 5.03261E-6 3.69944E-6 4.30727E-6 6.23604E-6 4.76173E-6 4.86981E-6 4.98682E-6 3.82009E-6 3.29173E-6 2.92745E-6 2.4842E-6 1.73641E-6 1.31633E-6 8.25581E-7 5.69478E-7 4.07511E-7 3.28747E-7 2.91452E-7 2.70438E-7 1.11856E-7 1.16421E-7 1.32946E-7 1.26239E-7 1.10883E-7 1.16305E-7 1.15203E-7 1.05519E-7 7.75612E-8 6.35586E-8 7.84373E-8 8.19627E-8 1.28661E-7 1.0318E-7 1.04903E-7 1.47749E-7 1.69458E-7 2.70983E-7 4.00528E-7 4.58544E-7 4.74482E-7 4.86751E-7 4.86507E-7 5.80608E-7 9.06678E-7 1.11231E-6 1.05026E-6 6.89206E-7 5.98697E-7 2.30259E-7 1.22287E-7 1.35272E-7
5.30941E-6 5.61941E-6 5.76903E-6 5.95869E-6 6.18743E-6 6.23134E-6 6.49591E-6 6.43859E-6 6.28299E-6 5.84419E-6 4.16448E-6 4.30921E-6 5.23496E-6 6.55725E-6 4.80649E-6 4.42214E-6 4.3287E-6 3.46946E-6 3.09806E-6 2.69466E-6 2.35352E-6 1.73031E-6 1.0504E-6 6.57812E-7 4.24885E-7 2.9565E-7 2.57719E-7 2.16089E-7 2.22569E-7 8.74435E-8 9.55384E-8 1.07021E-7 1.17362E-7 1.23276E-7 1.21186E-7 1.17987E-7 9.81968E-8 6.26004E-8 5.95865E-8 7.53492E-8 8.10751E-8 1.22526E-7 1.11653E-7 1.29079E-7 1.3644E-7 1.98584E-7 2.91556E-7 3.23703E-7 3.90516E-7 4.82652E-7 5.33797E-7 6.16742E-7 6.89057E-7 8.91278E-7 8.49449E-7 8.21343E-7 5.72664E-7 2.94698E-7 2.42562E-7 8.66217E-8 7.98816E-8
4.24786E-6 4.49274E-6 4.63676E-6 4.78627E-6 4.99158E-6 7.20323E-6 6.53344E-6 6.15493E-6 5.51358E-6 4.5167E-6 5.38314E-6 6.1912E-6 7.73381E-6 7.40946E-6 7.12906E-6 5.44255E-6 4.47583E-6 2.6092E-6 2.58097E-6 2.17224E-6 1.82512E-6 1.48825E-6 1.00177E-6 5.80649E-7 3.5576E-7 2.80952E-7 2.14664E-7 1.62677E-7 1.52993E-7 1.88309E-7 2.09514E-7 2.41816E-7 2.87799E-7 3.14368E-7 3.00464E-7 1.99905E-7 1.90163E-7 1.69972E-7 1.87799E-7 1.70105E-7 1.48839E-7 2.67146E-7 2.93397E-7 3.55298E-7 4.50732E-7 5.84269E-7 7.92876E-7 9.61664E-7 9.78336E-7 1.15918E-6 1.33207E-6 1.64817E-6 1.89381E-6 8.31425E-7 8.71681E-7 6.08185E-7 4.18466E-7 1.98159E-7 1.39076E-7 1.61077E-7 9.4854E-8
4.60767E-6 4.5611E-6 4.76024E-6 4.93719E-6 5.14454E-6 7.13361E-6 5.80392E-6 5.49446E-6 5.76282E-6 6.27276E-6 6.40075E-6 7.13961E-6 6.63633E-6 5.94833E-6 5.70298E-6 5.3179E-6 4.73967E-6 2.6006E-6 2.20211E-6 2.04532E-6 1.72824E-6 1.35505E-6 1.02346E-6 6.2764E-7 3.7593E-7 2.87093E-7 2.30595E-7 1.8371E-7 1.51752E-7 1.88858E-7 2.06607E-7 2.38878E-7 2.85076E-7 3.07338E-7 3.4055E-7 2.70791E-7 2.31457E-7 1.89193E-7 1.66441E-7 1.7451E-7 1.96653E-7 3.39092E-7 3.5258E-7 5.03267E-7 5.72636E-7 8.32802E-7 8.60957E-7 1.01519E-6 1.15949E-6 1.44598E-6 1.54805E-6 1.93507E-6 1.45266E-6 8.01425E-7 5.61554E-7 4.70962E-7 3.58099E-7 1.40523E-7 7.50217E-8 7.45093E-8 1.03337E-7
4.86612E-6 4.62771E-6 4.72722E-6 4.90807E-6 4.96534E-6 7.02626E-6 5.53595E-6 6.39566E-6 6.64196E-6 7.16717E-6 7.24158E-6 6.92475E-6 6.01789E-6 4.84498E-6 6.08932E-6 5.14214E-6 4.51521E-6 2.77485E-6 2.41542E-6 2.0503E-6 1.7367E-6 1.32913E-6 9.89028E-7 6.71214E-7 4.40639E-7 3.45088E-7 2.55001E-7 1.8919E-7 1.72079E-7 2.1823E-7 2.29256E-7 2.51498E-7 2.83261E-7 3.16671E-7 3.52998E-7 3.13034E-7 2.43799E-7 2.31652E-7 2.30591E-7 2.88011E-7 2.74623E-7 4.57825E-7 5.38995E-7 7.235E-7 9.11458E-7 1.11145E-6 1.32183E-6 1.3242E-6 1.45539E-6 1.48966E-6 1.65737E-6 1.40503E-6 1.70914E-6 6.13738E-7 3.49519E-7 2.79607E-7 1.49917E-7 8.56283E-8 8.1302E-8 7.10788E-8 8.36367E-8
5.12819E-6 4.82651E-6 4.61395E-6 4.75081E-6 4.88322E-6 6.91569E-6 5.55342E-6 6.44718E-6 6.45093E-6 6.68771E-6 7.01418E-6 6.18322E-6 3.9243E-6 4.04274E-6 5.10282E-6 4.66792E-6 3.64931E-6 2.38584E-6 2.34385E-6 2.07304E-6 1.74367E-6 1.30822E-6 1.03132E-6 6.81892E-7 5.05102E-7 3.65083E-7 2.81484E-7 2.2501E-7 1.9258E-7 2.45822E-7 2.76467E-7 2.99952E-7 3.0456E-7 3.16752E-7 3.44981E-7 3.4994E-7 2.75428E-7 3.19701E-7 3.6098E-7 4.441E-7 4.4379E-7 7.01666E-7 8.08792E-7 1.00211E-6 1.16512E-6 1.36159E-6 1.23836E-6 1.22822E-6 1.1656E-6 1.51149E-6 1.7042E-6 1.60038E-6 1.27259E-6 4.75309E-7 2.86908E-7 1.54576E-7 1.31156E-7 7.11158E-8 8.41705E-8 8.00287E-8 2.00118E-7
5.39036E-6 4.99808E-6 4.60061E-6 4.74027E-6 4.96991E-6 6.86708E-6 6.13635E-6 6.46131E-6 6.34609E-6 6.80002E-6 7.19963E-6 5.49454E-6 4.59504E-6 3.93291E-6 3.77752E-6 3.62753E-6 3.33761E-6 2.21478E-6 2.104E-6 2.06343E-6 1.78488E-6 1.41305E-6 1.12854E-6 9.46283E-7 6.71345E-7 4.71063E-7 3.51621E-7 2.51754E-7 2.47923E-7 2.82553E-7 3.17951E-7 3.52298E-7 3.60493E-7 3.55428E-7 3.40598E-7 3.52784E-7 4.30447E-7 4.19978E-7 5.07753E-7 5.48386E-7 5.24937E-7 1.01108E-6 1.0612E-6 1.11611E-6 1.09733E-6 1.08222E-6 1.2198E-6 1.25905E-6 1.5708E-6 1.36296E-6 1.10328E-6 1.58142E-6 8.72172E-7 4.70168E-7 1.92966E-7 1.26439E-7 7.63016E-8 6.85743E-8 1.22811E-7 2.14868E-7 2.39254E-7
5.47455E-6 5.08423E-6 4.68876E-6 4.74903E-6 4.90506E-6 6.45509E-6 6.32674E-6 6.10322E-6 6.29392E-6 6.65783E-6 6.32097E-6 4.82861E-6 4.07816E-6 3.64379E-6 3.16173E-6 3.11322E-6 3.11332E-6 1.86225E-6 1.72227E-6 1.79186E-6 1.72517E-6 1.50384E-6 1.27027E-6 9.97453E-7 7.10625E-7 5.16498E-7 3.94855E-7 3.07565E-7 3.0075E-7 3.62625E-7 3.75833E-7 4.11085E-7 4.25607E-7 4.08656E-7 3.71362E-7 4.0826E-7 5.07848E-7 5.02474E-7 6.62864E-7 6.98725E-7 6.97819E-7 9.6044E-7 1.05117E-6 1.17822E-6 1.26789E-6 1.3624E-6 1.60335E-6 1.35223E-6 1.14372E-6 1.12314E-6 1.6649E-6 1.09933E-6 7.58387E-7 3.23994E-7 2.2386E-7 1.26981E-7 7.79341E-8 7.71872E-8 1.52197E-7 2.69092E-7 4.31981E-7
5.49296E-6 5.35651E-6 4.9779E-6 4.58002E-6 4.50238E-6 6.13733E-6 6.13808E-6 5.53217E-6 5.58735E-6 6.29876E-6 5.63586E-6 4.99666E-6 4.69917E-6 3.87599E-6 3.05911E-6 2.72922E-6 2.61526E-6 1.49631E-6 1.3936E-6 1.38162E-6 1.45972E-6 1.58455E-6 1.45505E-6 1.11014E-6 7.30664E-7 5.91714E-7 5.2163E-7 4.59729E-7 4.05489E-7 5.06644E-7 4.86385E-7 4.72664E-7 4.81989E-7 4.81681E-7 4.92216E-7 5.9045E-7 5.83906E-7 6.15298E-7 7.33997E-7 7.90524E-7 8.17063E-7 1.23737E-6 1.37514E-6 1.25944E-6 1.19037E-6 1.22025E-6 1.18097E-6 1.40285E-6 1.69423E-6 1.83557E-6 1.45821E-6 9.17989E-7 7.41815E-7 4.11618E-7 2.78095E-7 1.6087E-7 8.03907E-8 7.20992E-8 9.40299E-8 1.77456E-7 2.76069E-7
5.2715E-6 5.1274E-6 4.96713E-6 4.77591E-6 4.47643E-6 5.64133E-6 5.71936E-6 5.60029E-6 5.0706E-6 5.47037E-6 4.9607E-6 4.84372E-6 4.02355E-6 3.95674E-6 3.38874E-6 2.93172E-6 2.56889E-6 1.46851E-6 1.0714E-6 9.6786E-7 1.24965E-6 1.61771E-6 1.53362E-6 1.23197E-6 8.00606E-7 8.37838E-7 7.68207E-7 4.81514E-7 4.96217E-7 5.92732E-7 6.48013E-7 6.21206E-7 5.28187E-7 5.68163E-7 5.99988E-7 7.33338E-7 7.51969E-7 6.7143E-7 7.0631E-7 6.89591E-7 6.77466E-7 1.15202E-6 1.14732E-6 1.2188E-6 1.27432E-6 1.23711E-6 1.52248E-6 1.65547E-6 1.34779E-6 1.31206E-6 1.05788E-6 8.55161E-7 1.04174E-6 5.64783E-7 2.90692E-7 1.99193E-7 1.07732E-7 7.30087E-8 7.86984E-8 1.07696E-7 2.14074E-7
4.91603E-6 4.87451E-6 4.70295E-6 4.49133E-6 4.40149E-6 4.97426E-6 5.04782E-6 5.21927E-6 4.63443E-6 4.6918E-6 4.97647E-6 4.08931E-6 3.81715E-6 3.33344E-6 3.36967E-6 2.94765E-6 2.56384E-6 1.37167E-6 6.63516E-7 9.34589E-7 1.19915E-6 1.65115E-6 1.56605E-6 1.33319E-6 1.03542E-6 9.27643E-7 8.6323E-7 5.85711E-7 5.34777E-7 6.38754E-7 7.41048E-7 7.38612E-7 6.02639E-7 6.39555E-7 7.45253E-7 8.36421E-7 9.23745E-7 8.41134E-7 8.29951E-7 8.44663E-7 8.19458E-7 1.31393E-6 1.03827E-6 1.59642E-6 1.7849E-6 1.79753E-6 1.57427E-6 1.31406E-6 1.12579E-6 1.04931E-6 9.587E-7 9.47695E-7 1.12331E-6 7.39008E-7 2.73814E-7 1.70698E-7 1.6228E-7 1.06495E-7 7.17624E-8 9.07774E-8 1.65453E-7
4.9631E-6 4.59931E-6 4.27413E-6 3.94287E-6 3.69081E-6 2.70099E-6 4.24528E-6 4.41697E-6 4.07111E-6 3.80297E-6 4.1881E-6 3.81091E-6 3.40473E-6 2.78036E-6 2.86499E-6 2.86916E-6 2.21866E-6 1.47598E-6 1.13403E-6 1.36252E-6 1.31272E-6 1.4248E-6 1.55569E-6 1.41324E-6 1.29121E-6 1.09364E-6 8.65074E-7 7.36632E-7 7.94477E-7 8.20893E-7 8.50761E-7 7.50395E-7 6.90358E-7 7.21615E-7 9.85911E-7 1.01726E-6 9.51892E-7 9.68652E-7 9.51442E-7 9.50659E-7 9.50998E-7 1.47098E-6 1.54745E-6 1.68746E-6 1.49224E-6 1.37723E-6 1.27893E-6 1.30662E-6 1.29486E-6 1.26752E-6 1.21115E-6 1.14234E-6 1.19663E-6 1.12095E-6 7.00131E-7 7.44661E-7 5.82689E-7 1.60312E-7 9.24753E-8 7.42204E-8 2.14778E-7
5.1563E-6 4.688E-6 4.341E-6 4.1369E-6 4.13492E-6 4.11084E-6 3.88036E-6 3.74687E-6 3.58416E-6 2.97555E-6 2.85114E-6 3.62633E-6 2.89199E-6 2.43905E-6 2.38003E-6 2.48869E-6 2.40485E-6 1.33003E-6 1.32413E-6 1.16227E-6 1.1167E-6 1.11686E-6 1.18998E-6 1.01843E-6 1.02635E-6 1.1787E-6 1.0429E-6 9.588E-7 9.10492E-7 8.68474E-7 8.83353E-7 9.87376E-7 9.92707E-7 9.50229E-7 1.09047E-6 1.03614E-6 1.07653E-6 1.04416E-6 1.07425E-6 1.10125E-6 1.11842E-6 1.75662E-6 1.51172E-6 1.36341E-6 1.43848E-6 1.44945E-6 1.27491E-6 1.22577E-6 1.21252E-6 1.31127E-6 1.94538E-6 1.75104E-6 1.42422E-6 1.55873E-6 1.55052E-6 1.33522E-6 1.05235E-6 2.84301E-7 2.69226E-7 1.48141E-7 1.56789E-7
5.52826E-5 5.24752E-6 4.61707E-6 4.28509E-6 4.18021E-6 4.51696E-6 3.90114E-6 3.41709E-6 2.79063E-6 2.66216E-6 2.31948E-6 2.68677E-6 2.26435E-6 2.5149E-6 2.22612E-6 2.15968E-6 2.14371E-6 1.24017E-6 1.06348E-6 1.02474E-6 9.47938E-7 8.73038E-7 8.68454E-7 8.22142E-7 1.05583E-6 9.88757E-7 9.57027E-7 8.12163E-7 7.77459E-7 9.00841E-7 8.56556E-7 7.93244E-7 8.55199E-7 9.57176E-7 1.01708E-6 1.06488E-6 1.12669E-6 1.13899E-6 1.11607E-6 8.72926E-7 9.61333E-7 1.23959E-6 1.17789E-6 1.48327E-6 1.28186E-6 1.09468E-6 8.1806E-7 9.41252E-7 8.68171E-7 1.40307E-6 1.86468E-6 2.26616E-6 3.21624E-6 1.74924E-6 1.92827E-6 1.83315E-6 1.60679E-6 8.42424E-7 8.6385E-7 6.17044E-7 4.425E-7
2.8324E-6 3.03914E-5 3.05261E-5 2.7654E-6 2.55954E-6 2.16937E-6 1.87122E-6 1.7031E-6 1.26964E-6 1.00566E-6 9.10516E-7 1.06496E-6 8.30343E-7 9.0089E-7 5.88737E-7 5.50028E-7 7.34752E-7 3.00484E-7 3.2149E-7 2.85301E-7 2.42924E-7 2.1402E-7 1.84033E-7 2.29721E-7 2.21211E-7 1.95683E-7 1.91225E-7 2.05074E-7 2.15417E-7 9.56959E-7 5.27065E-7 7.87242E-7 7.26024E-7 8.81547E-7 1.0511E-6 1.08272E-6 1.21329E-6 1.15492E-6 1.11909E-6 9.84778E-7 9.53348E-7 1.12355E-6 1.04478E-6 9.76643E-7 7.59624E-7 5.47179E-7 3.39205E-7 3.40541E-7 4.10355E-7 8.75696E-7 1.36215E-6 1.33646E-6 2.53708E-6 6.34516E-7 7.20323E-7 7.25614E-7 6.05321E-7 5.31575E-7 4.66019E-7 3.17013E-7 2.81372E-7
2.96196E-5 2.35853E-6 2.52166E-6 2.53012E-6 2.68988E-5 2.28964E-6 1.71463E-6 1.50017E-6 1.27068E-6 9.97138E-7 7.98859E-7 9.02105E-7 6.91679E-7 5.45538E-7 3.43423E-7 3.1734E-7 5.33127E-7 2.69776E-7 2.92418E-7 2.55887E-7 2.13101E-7 2.00062E-7 1.68698E-7 1.75746E-7 1.77213E-7 1.63013E-7 1.57294E-7 1.66099E-7 2.04463E-7 9.50934E-7 5.73813E-7 7.504E-7 6.96974E-7 8.62672E-7 1.26362E-6 1.05776E-6 1.14224E-6 1.06982E-6 9.42835E-7 8.4006E-7 8.5932E-7 9.19184E-7 7.95498E-7 8.79688E-7 5.20177E-7 2.66309E-7 2.41238E-7 2.56025E-7 3.24501E-7 5.13958E-7 1.32784E-6 1.66035E-6 2.34525E-6 4.29441E-7 6.75248E-7 3.37605E-6 3.19077E-6 2.89109E-6 6.44942E-7 6.95447E-7 7.15058E-7
2.92368E-5 3.01736E-5 2.62554E-5 1.86587E-6 2.03354E-6 2.50454E-6 2.55737E-6 1.67896E-6 1.2305E-6 9.01119E-7 6.83256E-7 6.46931E-7 5.52895E-7 4.00115E-7 3.22793E-7 3.17262E-7 4.71422E-7 2.27841E-7 2.32888E-7 1.90397E-7 1.83276E-7 1.67202E-7 1.51837E-7 1.4628E-7 1.41484E-7 1.37137E-7 1.43872E-7 1.68325E-7 2.00295E-7 8.78266E-7 5.97226E-7 6.81857E-7 6.28516E-7 8.52614E-7 6.80225E-7 7.24832E-7 6.65489E-7 1.05273E-6 8.54295E-7 8.04929E-7 7.4982E-7 7.81305E-7 6.50108E-7 4.8463E-7 3.02649E-7 2.89361E-7 4.87175E-7 4.64032E-7 4.42412E-7 3.87233E-7 6.96606E-7 1.79012E-6 2.76176E-6 6.38886E-7 7.76893E-7 3.63879E-6 3.9098E-6 3.70928E-6 3.6131E-6 3.62523E-6 3.70369E-6
2.10612E-6 2.32299E-6 2.30262E-6 2.27976E-6 1.73356E-6 1.60461E-6 1.4908E-6 1.52719E-6 1.37442E-6 9.77258E-7 6.98738E-7 5.65593E-7 4.77942E-7 3.99765E-7 3.45605E-7 3.49665E-7 3.97846E-7 1.66611E-7 1.76494E-7 1.48218E-7 1.37305E-7 1.5315E-7 1.32886E-7 1.28075E-7 1.17532E-7 1.16359E-7 1.17603E-7 1.63977E-7 1.87856E-7 7.63611E-7 6.12957E-7 6.01976E-7 5.06881E-7 4.72958E-7 5.25237E-7 7.3648E-7 7.29803E-7 8.66392E-7 7.01521E-7 6.33952E-7 6.55031E-7 7.37301E-7 6.47937E-7 4.69359E-7 2.78034E-7 5.30488E-7 1.00783E-6 1.60103E-6 1.62577E-6 9.84603E-7 1.6444E-6 1.49999E-6 1.94234E-6 5.89359E-7 7.26985E-7 3.41932E-6 4.06925E-6 3.98307E-6 3.85881E-6 3.64542E-6 3.4735E-6
1.92216E-6 1.61103E-6 1.61934E-6 1.99064E-6 1.91326E-6 1.46308E-6 1.14455E-6 1.0533E-6 9.62822E-7 1.09492E-6 8.16709E-7 6.13421E-7 4.96673E-7 4.1085E-7 3.43767E-7 3.17216E-7 3.48008E-7 1.7586E-7 1.49879E-7 1.06129E-7 1.02818E-7 1.334E-7 1.24221E-7 1.16156E-7 1.0306E-7 9.63252E-8 1.06979E-7 1.50877E-7 1.67582E-7 6.49502E-7 5.92837E-7 5.5263E-7 3.8315E-7 5.68102E-7 5.10479E-7 5.47044E-7 4.35421E-7 7.25047E-7 6.59363E-7 6.12772E-7 6.20395E-7 7.83664E-7 6.8085E-7 3.40026E-7 2.10372E-7 4.71688E-7 9.88537E-7 1.67215E-6 1.72198E-6 1.85524E-6 2.40273E-6 3.30835E-6 3.11967E-6 5.70024E-7 7.35174E-7 3.72492E-6 3.98953E-6 4.0669E-6 3.89709E-6 3.71656E-6 3.49965E-6
2.55078E-5 1.55539E-6 1.26678E-6 1.37315E-6 1.37062E-6 1.55077E-6 1.22751E-6 1.11598E-6 7.18379E-7 6.68495E-7 8.30749E-7 5.20692E-7 4.40306E-7 4.08003E-7 3.43482E-7 2.96998E-7 3.13591E-7 1.35443E-7 1.38168E-7 1.14843E-7 1.04001E-7 1.08625E-7 9.48964E-8 9.88757E-8 9.28005E-8 7.93552E-8 8.46109E-8 1.02451E-7 1.39165E-7 5.43354E-7 5.54815E-7 5.45904E-7 4.36678E-7 6.06164E-7 8.12566E-7 8.30887E-7 8.1213E-7 8.07134E-7 7.66968E-7 7.36508E-7 7.30816E-7 9.21987E-7 7.64603E-7 5.13774E-7 2.50203E-7 4.0077E-7 3.95676E-7 8.35749E-7 5.50798E-7 4.18385E-7 4.45012E-7 1.00106E-6 2.91109E-6 3.76358E-6 4.32771E-6 4.33075E-6 4.17665E-6 4.02456E-6 3.90023E-6 3.84896E-6 3.60305E-6
2.48425E-5 1.71901E-6 1.52954E-6 1.51451E-6 1.15892E-6 8.53298E-7 7.46107E-7 9.59884E-7 8.78001E-7 5.97207E-7 5.05202E-7 7.36882E-7 5.1195E-7 4.30528E-7 3.65031E-7 3.36643E-7 3.28746E-7 1.28627E-7 1.21102E-7 1.10723E-7 9.75292E-8 8.19021E-8 7.30345E-8 8.17616E-8 8.14507E-8 7.38335E-8 7.66742E-8 9.32933E-8 1.09778E-7 4.56012E-7 4.90015E-7 4.30637E-7 5.73077E-7 8.70709E-7 8.43115E-7 6.41839E-7 6.42352E-7 7.14678E-7 8.90081E-7 8.50622E-7 8.12544E-7 1.04035E-6 1.00506E-6 6.47204E-7 6.55935E-7 6.87497E-7 2.17673E-7 2.31324E-7 3.19884E-7 7.96128E-7 1.11254E-6 1.24365E-6 2.00447E-6 6.91263E-7 4.15826E-6 4.53398E-6 4.3776E-6 4.23583E-6 4.03266E-6 3.9128E-6 3.66213E-6
2.33435E-5 2.43901E-5 1.86719E-5 1.07032E-6 1.00967E-6 8.98331E-7 8.17416E-7 6.14447E-7 5.65844E-7 5.91687E-7 3.79552E-7 7.30095E-7 6.04007E-7 4.76913E-7 4.16102E-7 3.82292E-7 3.35215E-7 1.1147E-7 9.88024E-8 1.01718E-7 8.0636E-8 6.69922E-8 6.56023E-8 7.58242E-8 8.18322E-8 8.53511E-8 8.92525E-8 9.50547E-8 1.03068E-7 4.23569E-7 4.42445E-7 5.15697E-7 6.00774E-7 5.57195E-7 5.95358E-7 8.58145E-7 8.50854E-7 7.96315E-7 8.34548E-7 9.68182E-7 9.52929E-7 1.13579E-6 1.24463E-6 1.21214E-6 1.14517E-6 9.82017E-7 3.18349E-7 4.6046E-7 9.44359E-7 1.12646E-6 2.14675E-6 3.34309E-6 3.13064E-6 7.38723E-7 4.36167E-6 4.7538E-6 4.58945E-6 4.42348E-6 4.1906E-6 3.97543E-6 3.78819E-6
