RStudio/Xiphophorus/MaxEnt Models/Xiphophorus nigrensis/Xiphophorus_nigrensis.asc
ncols         432
nrows         590
xllcorner     -101.36634685401
yllcorner     19.040437502918
cellsize      0.008333332798
NODATA_value  -9999
[rows 162 to 188 of 590, columns 122 to 182 of 432]
8.36919E-5 8.61659E-5 6.20754E-5 7.76131E-5 7.01059E-5 6.76539E-5 1.33861E-4 1.27136E-4 1.34267E-4 1.36252E-4 1.34496E-4 1.32076E-4 1.27431E-4 1.19947E-4 1.14098E-4 1.03357E-4 9.34085E-5 -9999 -9999 -9999 -9999 -9999 -9999 -9999 -9999 -9999 -9999 -9999 -9999 -9999 -9999 -9999 -9999 -9999 -9999 -9999 -9999 -9999 -9999 -9999 -9999 -9999 -9999 -9999 -9999 -9999 -9999 -9999 -9999 -9999 -9999 -9999 -9999 -9999 -9999 -9999 -9999 -9999 -9999 -9999 -9999
2.58962E-5 5.76505E-5 5.27466E-5 4.87209E-5 4.8698E-5 5.03771E-5 3.10818E-4 2.88827E-4 2.71065E-4 2.92223E-4 3.04912E-4 3.0222E-4 2.92585E-4 2.84847E-4 2.72758E-4 2.51641E-4 2.24762E-4 2.06606E-4 -9999 -9999 -9999 -9999 -9999 -9999 -9999 -9999 -9999 -9999 -9999 -9999 -9999 -9999 -9999 -9999 -9999 -9999 -9999 -9999 -9999 -9999 -9999 -9999 -9999 -9999 -9999 -9999 -9999 -9999 -9999 -9999 -9999 -9999 -9999 -9999 -9999 -9999 -9999 -9999 -9999 -9999 -9999
5.07216E-5 2.14973E-5 5.61985E-5 5.29341E-5 5.18641E-5 5.18336E-5 3.42434E-4 3.24557E-4 2.92853E-4 2.79107E-4 3.05174E-4 3.16676E-4 3.2058E-4 3.11457E-4 3.05306E-4 2.96753E-4 2.71139E-4 2.3748E-4 2.36557E-4 2.5274E-4 -9999 -9999 -9999 -9999 -9999 -9999 -9999 -9999 -9999 -9999 -9999 -9999 -9999 -9999 -9999 -9999 -9999 -9999 -9999 -9999 -9999 -9999 -9999 -9999 -9999 -9999 -9999 -9999 -9999 -9999 -9999 -9999 -9999 -9999 -9999 -9999 -9999 -9999 -9999 -9999 -9999
6.5087E-5 6.30355E-5 5.41609E-5 5.49935E-5 5.55083E-5 5.97237E-5 3.47464E-4 3.59728E-4 3.3332E-4 3.12574E-4 3.07171E-4 3.30996E-4 3.3745E-4 3.33845E-4 3.28329E-4 3.25453E-4 3.11841E-4 2.96218E-4 3.011E-4 3.01122E-4 2.74186E-4 -9999 -9999 -9999 -9999 -9999 -9999 -9999 -9999 -9999 -9999 -9999 -9999 -9999 -9999 -9999 -9999 -9999 -9999 -9999 -9999 -9999 -9999 -9999 -9999 -9999 -9999 -9999 -9999 -9999 -9999 -9999 -9999 -9999 -9999 -9999 -9999 -9999 -9999 -9999 -9999
7.44632E-5 6.46491E-5 5.91407E-5 5.73703E-5 6.13493E-5 6.53135E-5 3.92942E-4 3.73954E-4 3.7619E-4 3.45545E-4 3.19856E-4 3.08324E-4 3.10178E-4 3.12136E-4 3.16611E-4 3.32651E-4 3.33934E-4 3.26632E-4 3.42641E-4 3.19104E-4 2.96356E-4 -9999 -9999 -9999 -9999 -9999 -9999 -9999 -9999 -9999 -9999 -9999 -9999 -9999 -9999 -9999 -9999 -9999 -9999 -9999 -9999 -9999 -9999 -9999 -9999 -9999 -9999 -9999 -9999 -9999 -9999 -9999 -9999 -9999 -9999 -9999 -9999 -9999 -9999 -9999 -9999
8.06446E-5 7.86184E-5 7.41752E-5 5.9707E-5 6.33159E-5 6.97811E-5 4.26162E-4 3.41685E-4 3.91045E-4 3.86758E-4 3.50368E-4 3.34436E-4 3.04221E-4 2.82399E-4 2.85561E-4 3.17741E-4 3.35018E-4 3.38005E-4 3.4644E-4 3.36177E-4 3.12658E-4 2.8133E-4 2.52313E-4 -9999 -9999 -9999 -9999 -9999 -9999 -9999 -9999 -9999 -9999 -9999 -9999 -9999 -9999 -9999 -9999 -9999 -9999 -9999 -9999 -9999 -9999 -9999 -9999 -9999 -9999 -9999 -9999 -9999 -9999 -9999 -9999 -9999 -9999 -9999 -9999 -9999 -9999
8.50053E-5 8.42709E-5 8.06165E-5 6.69729E-5 6.39482E-5 7.09736E-5 4.67267E-4 4.31635E-4 4.19369E-4 4.17704E-4 3.97739E-4 3.61178E-4 3.49107E-4 3.10591E-4 2.63913E-4 2.801E-4 2.9266E-4 3.12458E-4 3.51811E-4 3.43348E-4 3.2965E-4 3.0066E-4 2.55518E-4 1.99302E-4 -9999 -9999 -9999 -9999 -9999 -9999 -9999 -9999 -9999 -9999 -9999 -9999 -9999 -9999 -9999 -9999 -9999 -9999 -9999 -9999 -9999 -9999 -9999 -9999 -9999 -9999 -9999 -9999 -9999 -9999 -9999 -9999 -9999 -9999 -9999 -9999 -9999
8.91359E-5 8.83676E-5 8.60431E-5 8.13669E-5 7.78861E-5 7.60583E-5 4.8608E-4 4.68895E-4 4.542E-4 4.41923E-4 4.14151E-4 3.93917E-4 3.89702E-4 3.63115E-4 3.16266E-4 2.62426E-4 2.49978E-4 2.78011E-4 3.19678E-4 3.4071E-4 3.34423E-4 3.18115E-4 2.71524E-4 1.68893E-4 -9999 -9999 -9999 -9999 -9999 -9999 -9999 -9999 -9999 -9999 -9999 -9999 -9999 -9999 -9999 -9999 -9999 -9999 -9999 -9999 -9999 -9999 -9999 -9999 -9999 -9999 -9999 -9999 -9999 -9999 -9999 -9999 -9999 -9999 -9999 -9999 -9999
9.00935E-5 9.23296E-5 9.04288E-5 8.79674E-5 8.51247E-5 8.20721E-5 5.0874E-4 4.8994E-4 4.74496E-4 4.59985E-4 4.34971E-4 4.1902E-4 4.01595E-4 3.98433E-4 3.75638E-4 3.29023E-4 2.78932E-4 2.60988E-4 2.81631E-4 3.06738E-4 3.29262E-4 3.15171E-4 2.79037E-4 1.80211E-4 1.84749E-4 1.90634E-4 -9999 -9999 -9999 -9999 -9999 -9999 -9999 -9999 -9999 -9999 -9999 -9999 -9999 -9999 -9999 -9999 -9999 -9999 -9999 -9999 -9999 -9999 -9999 -9999 -9999 -9999 -9999 -9999 -9999 -9999 -9999 -9999 -9999 -9999 -9999
9.68352E-5 9.59133E-5 9.41112E-5 9.14217E-5 8.82227E-5 8.50822E-5 5.2624E-4 5.08229E-4 4.91137E-4 4.7525E-4 4.60383E-4 4.45002E-4 4.22361E-4 4.06725E-4 3.92464E-4 3.5277E-4 3.07795E-4 2.72892E-4 2.63626E-4 2.84077E-4 3.17658E-4 3.11118E-4 2.91925E-4 2.45039E-4 2.23216E-4 2.1496E-4 1.93961E-4 -9999 -9999 -9999 -9999 -9999 -9999 -9999 -9999 -9999 -9999 -9999 -9999 -9999 -9999 -9999 -9999 -9999 -9999 -9999 -9999 -9999 -9999 -9999 -9999 -9999 -9999 -9999 -9999 -9999 -9999 -9999 -9999 -9999 -9999
1.01589E-4 9.97521E-5 9.71515E-5 9.45637E-5 9.12254E-5 8.77232E-5 5.40358E-4 5.20404E-4 5.04883E-4 4.88492E-4 4.71121E-4 4.53428E-4 4.34072E-4 3.89676E-4 3.79819E-4 3.71594E-4 3.38509E-4 2.91562E-4 2.64409E-4 2.60017E-4 2.89535E-4 3.00339E-4 2.85168E-4 2.68809E-4 2.4561E-4 2.01371E-4 1.94063E-4 1.62244E-4 -9999 -9999 -9999 -9999 -9999 -9999 -9999 -9999 -9999 -9999 -9999 -9999 -9999 -9999 -9999 -9999 -9999 -9999 -9999 -9999 -9999 -9999 -9999 -9999 -9999 -9999 -9999 -9999 -9999 -9999 -9999 -9999 -9999
1.04805E-4 1.03955E-4 1.01433E-4 9.78566E-5 9.41967E-5 9.04285E-5 5.557E-4 5.3291E-4 5.1144E-4 4.96116E-4 4.82381E-4 4.62419E-4 4.35788E-4 4.14065E-4 3.72748E-4 3.32712E-4 3.45723E-4 3.2016E-4 2.89591E-4 2.74553E-4 2.54495E-4 2.83539E-4 2.8475E-4 2.58209E-4 2.45026E-4 2.13537E-4 1.78733E-4 1.64497E-4 1.54566E-4 1.41283E-4 -9999 -9999 -9999 -9999 -9999 -9999 -9999 -9999 -9999 -9999 -9999 -9999 -9999 -9999 -9999 -9999 -9999 -9999 -9999 -9999 -9999 -9999 -9999 -9999 -9999 -9999 -9999 -9999 -9999 -9999 -9999
1.05585E-4 1.03591E-4 1.04475E-4 1.0105E-4 9.72092E-5 9.31702E-5 5.71492E-4 5.46744E-4 5.24367E-4 5.03933E-4 4.86107E-4 4.72429E-4 4.50993E-4 4.114E-4 3.78262E-4 3.38551E-4 3.14844E-4 3.06607E-4 3.16454E-4 2.89351E-4 2.67844E-4 2.45634E-4 2.74561E-4 2.62366E-4 2.42035E-4 2.23E-4 1.79154E-4 1.67004E-4 1.56117E-4 1.50279E-4 3.86871E-4 -9999 -9999 -9999 -9999 -9999 -9999 -9999 -9999 -9999 -9999 -9999 -9999 -9999 -9999 -9999 -9999 -9999 -9999 -9999 -9999 -9999 -9999 -9999 -9999 -9999 -9999 -9999 -9999 -9999 -9999
2.96683E-4 3.10043E-4 3.30953E-4 3.30723E-4 3.18107E-4 3.04629E-4 6.83025E-4 6.52211E-4 6.24135E-4 5.97271E-4 5.74644E-4 5.5544E-4 5.35194E-4 4.90806E-4 4.08058E-4 4.14171E-4 3.6976E-4 3.22864E-4 3.2832E-4 3.14494E-4 2.89391E-4 2.48638E-4 2.57306E-4 2.71816E-4 2.4444E-4 2.29188E-4 1.98157E-4 1.75773E-4 1.73704E-4 1.56808E-4 2.99619E-4 2.66506E-4 -9999 -9999 -9999 -9999 -9999 -9999 -9999 -9999 -9999 -9999 -9999 -9999 -9999 -9999 -9999 -9999 -9999 -9999 -9999 -9999 -9999 -9999 -9999 -9999 -9999 -9999 -9999 -9999 -9999
3.59985E-4 2.64842E-4 3.30815E-4 3.33538E-4 3.279E-4 3.13849E-4 7.01895E-4 6.6901E-4 6.38109E-4 6.10526E-4 5.82191E-4 5.60778E-4 5.45939E-4 5.13715E-4 4.25542E-4 3.88943E-4 3.7534E-4 3.19504E-4 3.23124E-4 3.14707E-4 2.96477E-4 2.56412E-4 2.4885E-4 2.47631E-4 2.46958E-4 2.10991E-4 2.11975E-4 1.78003E-4 1.77214E-4 1.64331E-4 3.01584E-4 2.78674E-4 -9999 -9999 -9999 -9999 -9999 -9999 -9999 -9999 -9999 -9999 -9999 -9999 -9999 -9999 -9999 -9999 -9999 -9999 -9999 -9999 -9999 -9999 -9999 -9999 -9999 -9999 -9999 -9999 -9999
3.91344E-4 3.39853E-4 2.70744E-4 3.31875E-4 3.35659E-4 3.23224E-4 7.2225E-4 6.86675E-4 6.53013E-4 6.242E-4 5.94787E-4 5.71408E-4 5.54822E-4 5.244E-4 4.6888E-4 4.06675E-4 3.71383E-4 3.31254E-4 3.13496E-4 2.93473E-4 2.81115E-4 2.61971E-4 2.49223E-4 2.16978E-4 2.50518E-4 2.13956E-4 1.86686E-4 1.95511E-4 1.75925E-4 1.64974E-4 2.97576E-4 2.65558E-4 2.58562E-4 -9999 -9999 -9999 -9999 -9999 -9999 -9999 -9999 -9999 -9999 -9999 -9999 -9999 -9999 -9999 -9999 -9999 -9999 -9999 -9999 -9999 -9999 -9999 -9999 -9999 -9999 -9999 -9999
4.1253E-4 3.96475E-4 3.62768E-4 2.83569E-4 3.37044E-4 3.32877E-4 7.44438E-4 7.0545E-4 6.69253E-4 6.36434E-4 6.06691E-4 5.78373E-4 5.61029E-4 5.33461E-4 4.59412E-4 4.25781E-4 3.81533E-4 3.53148E-4 3.44389E-4 3.2259E-4 2.73738E-4 2.52598E-4 2.74107E-4 2.3827E-4 2.38713E-4 2.22854E-4 1.87853E-4 1.75516E-4 1.76001E-4 1.66691E-4 3.02722E-4 2.55517E-4 2.2279E-4 2.25836E-4 -9999 -9999 -9999 -9999 -9999 -9999 -9999 -9999 -9999 -9999 -9999 -9999 -9999 -9999 -9999 -9999 -9999 -9999 -9999 -9999 -9999 -9999 -9999 -9999 -9999 -9999 -9999
4.16364E-4 4.10977E-4 3.91295E-4 3.58317E-4 3.57077E-4 3.42892E-4 7.65869E-4 7.25381E-4 6.86368E-4 6.51282E-4 6.20058E-4 5.87298E-4 5.60229E-4 5.44171E-4 4.47123E-4 4.27977E-4 4.05274E-4 3.73454E-4 3.54127E-4 3.39955E-4 2.94201E-4 2.71168E-4 2.8497E-4 2.54212E-4 2.31056E-4 2.31455E-4 1.8841E-4 1.63888E-4 1.5438E-4 1.65563E-4 3.08188E-4 2.76958E-4 2.06656E-4 1.78448E-4 2.00192E-4 -9999 -9999 -9999 -9999 -9999 -9999 -9999 -9999 -9999 -9999 -9999 -9999 -9999 -9999 -9999 -9999 -9999 -9999 -9999 -9999 -9999 -9999 -9999 -9999 -9999 -9999
-9999 4.22596E-4 4.07253E-4 3.89035E-4 3.70999E-4 3.52952E-4 7.88287E-4 7.46714E-4 7.05146E-4 6.66563E-4 6.31813E-4 5.98831E-4 5.65882E-4 5.38378E-4 5.24077E-4 4.83966E-4 4.30978E-4 4.10891E-4 3.51424E-4 3.53457E-4 3.21142E-4 2.92887E-4 2.79719E-4 2.72844E-4 2.41446E-4 2.34592E-4 2.08738E-4 1.68424E-4 1.4669E-4 1.33777E-4 3.04733E-4 2.79144E-4 2.02796E-4 1.72935E-4 1.51644E-4 1.47539E-4 -9999 -9999 -9999 -9999 -9999 -9999 -9999 -9999 -9999 -9999 -9999 9.8533E-5 -9999 -9999 -9999 -9999 -9999 -9999 -9999 -9999 -9999 -9999 -9999 -9999 -9999
-9999 -9999 4.20989E-4 4.02407E-4 3.81282E-4 3.64219E-4 8.11665E-4 7.68606E-4 7.24933E-4 6.82948E-4 6.4469E-4 6.09921E-4 5.76574E-4 5.43042E-4 5.13686E-4 4.8603E-4 4.71868E-4 4.42038E-4 3.68332E-4 3.56956E-4 3.16879E-4 3.18039E-4 2.97881E-4 2.7623E-4 2.51328E-4 2.36439E-4 2.14804E-4 1.71891E-4 1.47887E-4 1.2935E-4 2.37399E-4 2.33294E-4 1.9674E-4 1.71501E-4 1.56819E-4 1.38831E-4 1.23169E-4 1.65943E-4 -9999 -9999 -9999 -9999 -9999 -9999 -9999 -9999 -9999 8.15788E-5 5.85805E-5 5.4256E-5 -9999 -9999 -9999 -9999 -9999 -9999 -9999 -9999 -9999 -9999 -9999
-9999 -9999 4.35672E-4 4.15825E-4 3.95636E-4 3.75754E-4 8.36431E-4 7.91707E-4 7.45612E-4 7.01686E-4 6.59222E-4 6.21232E-4 5.86322E-4 5.52098E-4 5.1723E-4 4.87528E-4 4.74278E-4 4.49038E-4 3.94779E-4 3.67776E-4 3.46128E-4 3.23217E-4 3.01062E-4 2.70288E-4 2.50702E-4 2.18414E-4 2.15281E-4 2.01831E-4 1.57143E-4 1.32561E-4 2.2865E-4 2.01967E-4 2.01423E-4 1.87412E-4 1.67751E-4 1.38081E-4 1.18884E-4 1.0315E-4 1.28741E-4 -9999 -9999 -9999 -9999 -9999 -9999 8.91731E-5 6.98171E-5 6.45628E-5 5.47733E-5 8.22747E-5 -9999 -9999 -9999 -9999 -9999 -9999 -9999 -9999 -9999 -9999 -9999
4.83722E-4 4.70571E-4 4.51258E-4 4.30027E-4 4.08879E-4 3.87915E-4 8.62401E-4 8.15637E-4 7.68051E-4 7.2162E-4 6.76953E-4 6.34925E-4 5.96499E-4 5.60466E-4 5.27104E-4 4.93545E-4 4.66131E-4 4.50753E-4 4.04636E-4 3.77487E-4 3.51739E-4 3.27432E-4 3.02388E-4 2.71667E-4 2.37462E-4 2.10243E-4 1.89032E-4 1.86586E-4 1.87229E-4 1.38402E-4 2.38001E-4 2.03374E-4 1.99282E-4 1.71208E-4 1.45628E-4 1.34184E-4 1.34484E-4 1.12232E-4 1.01056E-4 9.3693E-5 -9999 -9999 1.00516E-4 -9999 7.80667E-5 7.34597E-5 8.7987E-5 1.35423E-4 5.66624E-5 4.57753E-5 4.92551E-5 5.13683E-5 -9999 -9999 -9999 -9999 -9999 -9999 -9999 -9999 -9999
-9999 4.88104E-4 4.66759E-4 4.45306E-4 4.22885E-4 4.00765E-4 8.90088E-4 8.40946E-4 7.91871E-4 7.43567E-4 6.96423E-4 6.51372E-4 6.1007E-4 5.72492E-4 5.38219E-4 5.02308E-4 4.69776E-4 4.41175E-4 3.96961E-4 3.73868E-4 3.53403E-4 3.30428E-4 2.972E-4 2.66988E-4 2.36642E-4 2.08619E-4 1.86331E-4 1.68483E-4 1.5636E-4 1.39341E-4 2.45304E-4 2.09911E-4 1.89504E-4 1.58759E-4 1.3877E-4 1.22383E-4 1.14724E-4 1.19685E-4 1.09346E-4 9.93813E-5 1.09438E-4 1.2344E-4 2.14909E-4 9.62265E-5 8.10556E-5 7.26621E-5 6.92746E-5 7.21004E-5 9.90182E-5 4.82134E-5 4.2612E-5 4.49318E-5 4.30029E-5 -9999 -9999 -9999 -9999 -9999 -9999 -9999 -9999
5.05828E-4 5.06604E-4 4.83668E-4 4.61019E-4 4.37531E-4 4.14413E-4 9.21178E-4 8.68528E-4 8.17411E-4 7.67073E-4 7.18084E-4 6.70647E-4 6.26009E-4 5.85505E-4 5.48021E-4 5.13651E-4 4.77633E-4 4.44167E-4 3.92644E-4 3.82729E-4 3.4654E-4 3.31356E-4 3.12263E-4 2.63842E-4 2.40635E-4 2.1211E-4 1.88583E-4 1.65863E-4 1.54084E-4 1.36687E-4 2.42168E-4 2.10857E-4 1.83948E-4 1.60036E-4 1.41427E-4 1.30834E-4 1.14547E-4 1.07094E-4 1.15525E-4 1.39226E-4 1.25303E-4 1.0804E-4 1.54402E-4 1.24042E-4 8.6158E-5 7.4298E-5 6.61208E-5 6.1087E-5 5.48212E-5 4.80056E-5 4.25683E-5 0E0 3.88983E-5 3.95523E-5 -9999 -9999 -9999 -9999 -9999 -9999 -9999
5.25803E-4 5.20092E-4 5.00189E-4 4.7696E-4 4.53084E-4 4.28862E-4 9.52643E-4 8.99662E-4 8.45468E-4 7.92835E-4 7.41607E-4 6.92048E-4 6.44819E-4 6.00062E-4 5.59759E-4 5.22115E-4 4.87515E-4 4.52646E-4 4.00244E-4 3.84162E-4 3.46965E-4 3.29443E-4 3.17601E-4 2.61402E-4 2.37526E-4 2.14897E-4 1.88823E-4 1.6591E-4 1.47649E-4 1.33205E-4 2.36206E-4 2.09555E-4 1.84987E-4 1.64023E-4 1.58413E-4 1.45682E-4 1.34973E-4 1.19257E-4 9.61817E-5 1.45472E-4 1.44618E-4 1.29764E-4 1.59984E-4 1.39995E-4 1.10665E-4 8.07306E-5 6.89974E-5 6.01626E-5 5.4526E-5 4.85595E-5 4.43358E-5 0E0 0E0 4.4998E-5 -9999 -9999 -9999 -9999 -9999 -9999 -9999
3.12348E-4 2.81768E-4 2.82627E-4 2.69777E-4 2.56865E-4 2.4324E-4 2.3119E-3 2.18526E-3 2.05568E-3 1.92505E-3 1.79996E-3 1.67956E-3 1.5631E-3 1.4526E-3 1.34874E-3 1.25384E-3 1.16666E-3 1.08943E-3 1.05918E-3 9.78435E-4 9.03288E-4 8.35523E-4 7.96002E-4 6.96777E-4 6.28865E-4 5.69882E-4 5.03388E-4 4.4014E-4 3.89602E-4 3.49368E-4 3.59256E-4 3.26509E-4 2.94535E-4 2.63685E-4 2.51378E-4 2.29612E-4 2.09525E-4 1.91006E-4 1.73238E-4 1.43218E-4 1.37702E-4 2.16279E-4 1.72734E-4 1.92783E-4 1.74185E-4 1.26685E-4 6.77469E-5 5.41449E-5 4.78388E-5 4.33527E-5 3.98281E-5 3.60514E-5 0E0 3.54508E-5 8.42115E-5 -9999 -9999 -9999 -9999 -9999 -9999
3.13131E-4 2.95561E-4 2.88528E-4 2.79409E-4 2.65814E-4 2.5227E-4 2.39455E-3 2.26247E-3 2.13015E-3 1.99458E-3 1.86501E-3 1.74075E-3 1.61961E-3 1.50381E-3 1.3933E-3 1.2905E-3 1.19745E-3 1.10849E-3 1.08806E-3 9.96893E-4 9.44587E-4 8.47994E-4 7.81266E-4 7.12817E-4 6.44525E-4 5.79383E-4 5.19222E-4 4.57678E-4 4.0277E-4 3.58884E-4 3.74312E-4 3.47529E-4 3.13383E-4 2.89634E-4 2.66016E-4 2.43115E-4 2.21974E-4 2.01612E-4 1.82153E-4 1.65107E-4 1.45945E-4 1.14607E-4 9.4245E-5 1.48438E-4 2.01562E-4 1.66147E-4 1.27575E-4 5.74318E-5 4.98963E-5 4.57958E-5 4.19968E-5 3.81957E-5 0E0 4.05444E-5 -9999 -9999 -9999 -9999 -9999 -9999 -9999
