RStudio/Xiphophorus/MaxEnt Models/Xiphophorus nigrensis/Xiphophorus_nigrensis.asc
ncols         432
nrows         590
xllcorner     -101.36634685401
yllcorner     19.040437502918
cellsize      0.008333332798
NODATA_value  -9999
[rows 351 to 377 of 590, columns 244 to 304 of 432]
1.18956E-5 1.05295E-5 4.25236E-6 4.75271E-6 3.15068E-6 7.06693E-5 1.31464E-4 7.52811E-4 3.0286E-4 1.1948E-5 7.35525E-6 9.3195E-6 5.95222E-6 7.83469E-6 3.70402E-6 1.90191E-6 1.75116E-6 7.67879E-7 1.12701E-6 9.10385E-7 7.03949E-7 4.80265E-7 6.17034E-7 7.77555E-7 7.52891E-7 7.21433E-7 6.09631E-7 1.09865E-8 1.4881E-7 7.65981E-7 1.36645E-6 7.81121E-7 1.40453E-6 1.45597E-5 6.66294E-4 1.94189E-5 3.25561E-6 1.80459E-6 2.51647E-6 1.18344E-5 2.98057E-4 8.50371E-4 1.64328E-3 6.89906E-3 5.15334E-3 1.58118E-3 3.18471E-6 2.98135E-3 1.13511E-3 7.64667E-5 3.54228E-6 3.06177E-5 7.04662E-4 9.88136E-5 3.51201E-5 8.42243E-6 3.31259E-6 2.67552E-5 2.94974E-5 9.27204E-4 2.90929E-3
5.36198E-6 3.32262E-6 2.03179E-6 2.9179E-5 3.22747E-5 1.57952E-4 3.7937E-4 2.56691E-4 2.28668E-5 5.39033E-5 7.07411E-6 6.85323E-6 4.55645E-6 3.11738E-6 3.04579E-6 2.84675E-6 2.10678E-6 7.18929E-7 7.30064E-7 6.45583E-7 7.32226E-7 6.8846E-7 3.54688E-7 5.42949E-7 5.67246E-7 3.91474E-7 1.20285E-6 1.7882E-7 1.72367E-7 1.27934E-6 3.44711E-6 8.22598E-6 2.02542E-5 3.84831E-5 7.88741E-6 1.29508E-6 5.60536E-7 6.01731E-7 1.16368E-6 2.61873E-6 5.30465E-6 5.26584E-5 3.47985E-3 7.3075E-3 1.08435E-4 2.14898E-5 6.81489E-6 1.97714E-3 7.20888E-5 2.39517E-6 1.38416E-6 5.51165E-6 1.55738E-4 3.68276E-6 3.37559E-6 2.66032E-6 3.39105E-6 4.7209E-6 2.96507E-5 3.20852E-3 4.19778E-3
8.22276E-6 3.21596E-6 2.55292E-6 1.50248E-5 5.50646E-5 2.27308E-5 2.25299E-4 1.91094E-4 5.85158E-6 6.93989E-6 4.10721E-6 2.22101E-6 1.06045E-6 2.81536E-6 3.3361E-6 3.28177E-6 2.51874E-6 2.55138E-6 1.07971E-6 6.04753E-7 6.90023E-7 6.41346E-7 2.4676E-7 3.57968E-7 4.09315E-7 3.62658E-7 1.12027E-6 1.14222E-6 2.89986E-7 4.42988E-7 9.5269E-7 5.64343E-6 3.82143E-6 1.63797E-6 3.78841E-6 3.88894E-6 3.80927E-6 1.82744E-6 5.72173E-6 3.94373E-6 1.32219E-6 1.35886E-5 1.79522E-4 1.17092E-2 2.82133E-3 1.55076E-5 1.60003E-4 2.89243E-5 2.3658E-6 1.58817E-6 1.57915E-6 4.35864E-6 1.37198E-5 2.977E-6 2.17935E-6 2.57541E-6 3.1876E-6 2.70606E-5 4.76985E-4 4.91746E-4 3.27729E-3
2.1494E-5 4.22143E-6 2.36793E-6 1.91562E-6 1.80767E-5 6.92387E-6 7.64551E-5 3.32875E-4 9.947E-6 4.69633E-6 1.64052E-6 3.61952E-6 3.13923E-6 1.78022E-6 2.69734E-6 4.15356E-6 5.19441E-6 3.81502E-6 1.30721E-6 7.4494E-7 6.30089E-7 6.39823E-7 6.94229E-7 6.37053E-7 4.30929E-7 3.36462E-7 8.19004E-7 2.47679E-6 4.78458E-7 3.58478E-7 6.65148E-7 7.96918E-7 1.18326E-6 2.66165E-4 2.70213E-4 8.06381E-3 1.48087E-3 1.89118E-5 3.31689E-3 1.12774E-3 1.31248E-5 2.2009E-4 1.06209E-2 6.11392E-3 1.18528E-4 1.55954E-5 1.64949E-5 2.09864E-6 1.26535E-6 7.55306E-7 1.29385E-6 3.1353E-6 4.20709E-6 2.5899E-6 1.69192E-6 2.35775E-6 2.53696E-6 5.73178E-6 1.94239E-4 3.26374E-3 9.07736E-3
1.1282E-5 1.35048E-5 7.13793E-6 3.45881E-6 2.42425E-6 1.12346E-5 5.04687E-5 4.87479E-5 1.22624E-4 1.90809E-5 1.84885E-5 2.02126E-6 1.72962E-6 2.77734E-6 3.56538E-6 6.99199E-6 4.50878E-6 3.88543E-6 1.85074E-6 1.05322E-6 9.07648E-7 7.8116E-7 3.81531E-7 1.03127E-7 1.31879E-7 3.43003E-7 4.82822E-7 1.43769E-6 1.90617E-6 1.25355E-6 6.99577E-7 1.53696E-6 1.07988E-4 4.86318E-3 7.78966E-3 7.68056E-3 5.11456E-3 3.86309E-3 1.01933E-2 1.09304E-2 1.04425E-2 2.75878E-2 2.37108E-3 6.81131E-4 8.73221E-5 9.81001E-5 8.68847E-6 3.28205E-6 1.73139E-6 1.59817E-8 2.66774E-6 5.981E-6 2.0573E-6 1.31529E-6 1.39377E-6 1.18848E-6 1.85278E-6 8.72965E-6 2.77111E-4 7.88767E-3 3.922E-3
6.67784E-6 5.54167E-6 4.24743E-6 2.66371E-6 1.96071E-6 7.186E-6 4.49295E-6 1.49291E-6 8.05137E-6 6.25673E-5 2.49875E-6 1.69118E-6 1.36476E-6 3.43892E-6 3.19602E-6 6.75934E-6 4.65062E-6 4.63601E-6 1.68337E-6 3.70515E-6 6.94998E-7 5.10588E-7 3.41586E-7 2.25275E-7 1.76172E-7 1.35331E-7 5.57022E-7 1.09506E-6 2.06356E-6 2.00917E-6 6.83485E-7 1.7307E-6 5.72385E-6 4.29014E-4 1.1811E-2 1.61605E-3 1.11707E-4 1.13733E-4 1.74118E-3 5.35845E-3 6.35825E-3 3.92895E-3 1.28888E-3 2.78674E-4 1.68375E-4 2.16743E-5 2.69295E-6 4.12335E-7 7.86424E-7 2.59691E-8 1.08612E-6 4.50882E-6 1.70976E-6 7.1927E-7 7.03743E-7 7.78326E-7 2.63194E-6 1.30557E-5 2.05595E-3 1.18818E-3 2.00071E-4
3.44363E-6 2.05163E-6 3.7597E-6 5.54064E-6 1.69486E-6 1.36336E-6 6.39424E-7 8.61663E-7 8.1446E-7 2.67039E-5 1.10896E-4 4.45604E-6 1.81242E-6 3.23289E-6 3.11679E-6 2.11653E-6 1.76502E-6 5.14946E-6 6.7961E-6 3.4058E-6 1.67119E-6 1.01035E-6 7.81065E-7 5.2466E-7 5.23503E-7 5.08457E-7 5.048E-7 2.27454E-6 3.17424E-6 3.87579E-6 1.62663E-6 8.99948E-7 7.59681E-6 3.45729E-5 8.34084E-4 5.92938E-3 7.87666E-3 2.01513E-4 4.04729E-5 4.36147E-6 1.40006E-5 8.16926E-5 1.82642E-5 8.02372E-5 2.9856E-6 1.58705E-5 3.39656E-6 5.20254E-7 1.10123E-8 4.69702E-7 1.58278E-8 1.38983E-6 2.18804E-7 9.26779E-7 1.28237E-6 2.56035E-6 5.3323E-6 8.95565E-4 2.67369E-4 3.51878E-5 1.45091E-3
1.4396E-6 1.299E-6 1.94229E-6 6.18023E-6 1.62915E-6 1.05372E-6 5.13662E-7 9.57224E-7 1.78115E-5 2.46103E-5 2.38444E-5 6.93596E-6 1.72202E-6 8.95325E-7 1.9888E-6 2.67287E-6 3.41782E-6 3.45659E-6 1.42802E-6 3.81068E-6 8.39023E-6 3.1092E-6 3.0413E-6 6.26846E-7 1.06365E-6 5.96295E-7 7.30852E-7 1.18792E-6 1.91699E-6 3.97344E-6 2.3907E-5 1.28306E-6 2.72753E-6 3.1873E-5 3.14788E-5 1.83982E-3 6.24177E-3 7.75023E-4 2.55795E-6 3.78821E-6 1.67356E-6 3.70446E-6 3.19756E-6 1.48711E-5 1.74278E-6 3.46829E-6 2.18983E-6 1.50239E-8 1.76713E-6 3.38209E-6 3.56798E-6 4.17101E-6 1.45955E-6 1.82721E-6 6.43897E-6 3.05842E-6 1.14853E-5 1.25577E-5 9.99708E-6 1.84214E-4 2.8319E-3
1.3188E-6 1.23394E-6 1.26514E-6 3.78058E-6 7.90162E-6 1.14987E-6 7.4358E-7 1.66128E-6 2.65485E-5 2.11739E-6 4.79855E-6 6.68768E-6 1.63928E-6 4.72159E-7 6.88911E-7 1.63795E-6 8.02677E-7 1.60256E-6 3.62784E-6 1.54739E-6 6.77083E-6 1.89121E-5 1.88866E-6 3.8522E-6 1.46715E-6 6.56334E-7 2.72E-6 5.60017E-6 4.27166E-6 4.30423E-6 1.06518E-4 2.61076E-6 1.04E-4 3.84159E-3 2.37203E-5 6.23426E-3 4.36904E-4 1.68363E-5 1.69958E-6 6.71072E-7 6.45572E-7 4.09833E-7 4.86286E-6 3.18266E-6 7.80622E-7 4.88453E-7 3.23546E-7 3.53536E-7 3.57205E-9 1.8338E-6 4.83211E-6 3.8529E-6 2.28861E-6 3.0286E-6 1.87009E-6 1.96548E-6 3.57748E-6 2.70115E-6 3.29252E-6 1.84793E-4 2.87102E-3
6.23534E-7 1.29817E-6 1.09799E-6 1.54181E-6 4.68572E-6 3.22382E-6 1.42245E-6 1.723E-5 6.91959E-6 4.8842E-7 2.75542E-7 5.78218E-7 1.56347E-6 2.50503E-7 2.39337E-7 5.29112E-7 9.93832E-7 1.20725E-6 1.50758E-6 1.64879E-5 1.58932E-5 4.55742E-5 2.4063E-5 7.69424E-6 9.60215E-6 4.10699E-6 2.33751E-5 4.64203E-4 7.66728E-4 3.35483E-5 3.90153E-4 4.04217E-5 6.83403E-4 4.33368E-3 4.13037E-4 7.51808E-4 4.3254E-4 4.9792E-6 8.61958E-7 1.51747E-7 4.39E-7 1.57967E-6 4.80265E-6 2.86277E-6 1.07709E-6 6.14059E-9 3.94781E-9 1.54178E-9 9.82373E-10 1.71719E-6 3.60193E-6 8.4925E-7 4.55305E-7 2.09634E-7 1.36793E-6 2.45354E-6 1.6012E-6 9.4555E-7 2.84318E-6 4.71187E-5 1.14239E-3
3.13736E-7 5.93337E-7 8.51921E-7 2.07461E-6 1.97711E-6 3.09393E-6 2.02778E-5 6.84004E-6 4.58352E-7 1.89032E-7 1.44851E-8 9.46921E-8 4.80168E-7 4.87237E-7 1.55857E-7 2.89153E-7 3.72429E-7 2.66917E-6 5.19561E-6 1.07515E-5 3.3082E-5 4.95679E-5 4.96191E-5 1.40628E-5 1.36383E-5 3.65018E-5 8.96791E-5 2.09051E-5 5.08038E-5 7.88686E-4 1.05905E-3 2.89806E-4 1.18592E-5 5.5835E-3 3.09355E-5 7.10929E-5 8.73556E-6 1.10779E-5 9.41322E-7 8.55638E-8 4.15151E-7 1.14515E-6 1.23231E-6 3.36833E-6 3.65127E-6 2.51822E-6 9.35113E-7 2.21386E-9 5.18172E-10 9.05333E-7 1.38369E-6 1.5044E-8 5.12269E-7 1.36339E-6 1.66845E-6 5.90791E-7 1.96149E-6 2.96925E-6 2.27649E-5 3.51235E-4 2.23864E-3
8.73515E-7 1.7541E-6 1.31771E-6 2.78477E-6 5.85292E-7 1.82323E-6 1.14422E-5 3.83255E-6 5.96365E-7 1.13013E-7 6.84193E-9 3.5951E-9 2.19528E-7 2.681E-7 2.49929E-7 9.31953E-8 4.7887E-7 4.82239E-6 4.29019E-6 4.2962E-6 1.21589E-5 3.14759E-5 1.42328E-5 7.81764E-6 2.49596E-6 5.3449E-6 1.1137E-4 3.69992E-4 3.70951E-4 2.15666E-4 7.358E-4 4.00346E-3 2.64938E-3 2.27119E-4 3.06786E-5 3.43099E-6 3.04156E-5 3.42374E-6 1.1672E-6 3.12541E-7 1.10464E-7 4.14151E-9 8.56835E-9 1.24379E-6 1.33986E-6 1.98963E-6 1.13071E-6 1.96782E-8 1.48509E-9 1.5539E-9 1.37885E-8 5.47159E-10 1.73009E-7 1.29853E-6 6.34618E-7 1.39712E-6 2.56394E-6 3.8689E-5 1.02098E-3 4.62934E-3 7.49573E-3
3.80712E-8 1.00792E-6 8.77809E-7 3.48215E-7 5.2351E-7 1.63968E-6 1.01512E-6 4.65972E-6 2.73472E-6 4.1683E-7 3.05301E-9 4.20065E-9 5.20296E-9 4.27217E-9 1.96993E-7 5.75349E-9 7.65655E-7 1.22883E-6 8.34825E-7 4.33767E-6 6.55011E-6 1.73522E-5 8.14782E-6 8.41302E-6 6.0571E-6 1.27475E-5 1.10272E-4 1.08189E-4 1.06334E-4 6.69458E-4 1.0334E-4 1.39174E-4 1.99219E-3 4.54295E-6 8.24346E-7 2.68203E-6 7.51435E-7 4.5738E-6 2.33507E-6 1.00898E-6 1.23573E-7 4.8658E-9 4.55077E-10 9.87636E-10 3.23816E-9 2.46359E-7 1.05178E-8 1.36752E-9 4.96525E-9 8.88787E-10 4.39918E-10 1.43945E-8 3.87431E-7 1.17509E-6 2.98486E-7 9.38212E-7 1.02726E-5 5.96684E-4 1.22394E-3 1.32862E-3 2.00133E-4
8.20596E-9 1.75152E-7 1.09048E-8 4.13245E-7 7.16385E-7 1.4397E-7 8.16109E-7 4.65399E-6 1.3179E-6 4.99603E-7 8.2183E-9 3.05695E-9 2.83249E-9 3.09271E-9 1.21588E-7 8.17692E-8 5.27301E-7 2.86071E-7 4.04205E-7 5.65448E-7 7.8043E-7 5.65755E-6 3.63413E-6 9.26098E-6 5.18413E-6 6.72682E-6 4.57031E-6 7.44869E-6 7.26966E-5 8.6128E-4 2.53738E-5 1.0963E-5 2.6683E-3 5.18598E-5 7.80554E-7 2.12627E-7 4.09059E-7 6.35473E-7 3.7881E-7 4.95638E-7 1.2371E-7 2.65508E-9 1.56513E-9 7.5785E-10 3.13334E-9 1.20859E-9 6.8986E-9 5.73761E-10 1.11172E-9 1.44506E-9 7.42955E-10 2.87746E-9 1.20409E-7 4.09851E-7 4.52836E-7 5.14015E-6 3.35741E-4 2.2345E-5 2.14915E-5 9.9003E-6 3.41993E-6
1.58092E-8 5.42265E-9 5.14275E-9 1.68286E-7 9.20029E-8 1.74595E-7 6.89867E-7 1.01907E-6 9.14785E-8 1.79364E-7 6.68727E-8 2.82044E-9 2.54975E-9 2.55445E-9 7.07196E-9 2.35383E-9 2.81259E-9 2.39439E-9 1.53225E-7 2.28802E-7 4.13567E-7 2.64255E-6 2.8791E-6 2.96952E-6 1.39573E-5 1.35704E-5 5.70742E-6 2.22177E-5 1.14168E-5 5.28671E-4 2.20536E-5 1.99109E-5 2.03632E-3 4.26266E-6 1.56201E-6 5.41593E-7 4.29625E-7 4.98897E-9 2.07737E-9 3.63248E-10 2.80021E-10 1.69068E-9 2.70885E-9 8.34758E-9 3.16279E-7 1.50963E-9 1.21614E-9 7.40598E-9 1.47592E-8 9.42887E-10 1.46624E-9 4.51352E-9 2.46026E-7 1.68384E-7 7.23321E-7 3.53886E-6 5.93199E-4 5.81597E-6 1.14058E-5 4.64899E-6 2.02137E-6
5.40252E-9 3.28652E-9 2.54592E-9 1.05065E-8 1.664E-7 6.60344E-7 3.90649E-6 5.06951E-7 3.41464E-9 3.65207E-9 5.30967E-9 2.9271E-9 2.55711E-9 2.57933E-9 1.69064E-9 7.60856E-10 7.48687E-10 7.20532E-10 2.57882E-9 1.10689E-7 9.31522E-7 8.78132E-7 1.12238E-6 2.22291E-6 8.46537E-6 2.07439E-5 5.7739E-6 1.14913E-5 3.22329E-5 1.53269E-4 1.29187E-5 2.94993E-4 3.21368E-3 1.32755E-5 1.07219E-6 3.4623E-7 2.96922E-7 4.03934E-9 5.57942E-10 3.08291E-10 5.56901E-10 1.52833E-7 7.64057E-9 6.90833E-7 4.42932E-7 2.16012E-7 9.88539E-9 7.83337E-7 2.81729E-9 6.50823E-9 7.00498E-9 2.67642E-8 2.13158E-7 5.39811E-9 9.82792E-7 5.44225E-6 3.39808E-4 2.88385E-6 1.99191E-6 2.41103E-6 1.83446E-6
2.33477E-8 6.99836E-9 5.18495E-9 7.50036E-9 1.2403E-7 2.02219E-6 4.9569E-7 4.97163E-7 8.6382E-9 1.18171E-9 1.15762E-9 1.86276E-9 1.78997E-9 1.06335E-9 9.44758E-10 6.93704E-10 4.91336E-10 4.93737E-10 5.96393E-10 4.16974E-8 4.10222E-7 4.62922E-7 6.17043E-7 1.54518E-6 4.80708E-6 8.26056E-6 1.76721E-5 1.38167E-5 1.7564E-4 4.35309E-5 1.78488E-5 3.82391E-4 2.85574E-5 1.77588E-6 2.35567E-6 1.02459E-6 4.82378E-7 1.98153E-7 4.72844E-9 1.00432E-9 5.96611E-10 2.38744E-9 9.23881E-10 7.91611E-9 7.30044E-7 1.14235E-6 1.17424E-6 1.60441E-8 4.98952E-9 4.60116E-7 1.35955E-6 1.33902E-6 1.17694E-8 4.91966E-7 1.06491E-6 1.18579E-5 4.69106E-5 5.15346E-6 1.85539E-6 2.02252E-6 2.16886E-6
3.19412E-7 8.35179E-9 9.95387E-9 3.55515E-7 4.7696E-7 8.90638E-7 9.71602E-8 2.56161E-7 8.83044E-7 7.08529E-8 6.30237E-8 3.02013E-9 6.7216E-10 8.7293E-10 6.3693E-10 6.52563E-10 7.40723E-10 2.80906E-9 1.63833E-9 2.90019E-9 4.87331E-8 2.18939E-7 3.29871E-7 6.84251E-7 2.26544E-6 1.45845E-5 6.50282E-6 1.88642E-5 6.32191E-5 1.78094E-6 5.73136E-6 1.09232E-4 1.22106E-3 3.42967E-4 2.65502E-6 1.28088E-6 7.44525E-7 1.12073E-6 3.50183E-7 1.31301E-9 6.36106E-9 8.0298E-10 2.70437E-10 7.70547E-9 1.96455E-9 3.23736E-7 1.3253E-6 1.26136E-6 5.68861E-7 1.39614E-6 1.11189E-6 2.74467E-7 2.28263E-7 1.96839E-6 1.06608E-5 7.84599E-6 2.35534E-6 3.44533E-6 1.532E-6 1.83649E-6 2.04689E-6
1.58001E-8 6.39859E-9 2.54826E-8 1.46598E-6 9.88749E-7 6.44918E-9 5.31527E-9 7.88325E-9 4.55331E-8 3.45687E-7 4.18549E-8 2.71479E-9 6.70529E-10 1.05691E-9 5.52418E-10 5.75602E-10 9.86316E-10 4.04509E-10 3.22145E-8 2.62318E-9 6.80284E-8 2.20973E-7 3.23149E-7 5.85977E-7 3.08186E-6 5.45133E-6 7.72838E-6 1.33969E-5 2.98451E-5 1.2436E-6 1.04601E-6 4.29021E-5 1.45804E-3 1.87734E-4 5.61678E-5 5.91794E-6 5.98387E-7 3.62836E-6 3.31488E-7 4.9807E-7 8.53421E-7 1.32127E-7 5.51386E-10 4.96786E-10 4.98566E-10 2.83034E-9 9.41861E-7 1.23741E-6 1.75548E-6 1.4179E-6 1.29773E-6 7.24943E-7 6.86518E-9 6.89046E-7 1.93825E-6 8.37329E-7 9.27786E-7 1.30599E-6 1.3917E-6 8.86593E-6 2.90938E-6
3.79506E-8 6.12896E-9 5.0782E-8 1.60991E-6 4.48709E-7 2.78971E-9 9.32037E-10 3.84453E-9 1.97548E-7 1.12554E-7 2.33169E-9 6.56815E-10 6.85651E-10 7.97296E-10 5.10633E-10 8.46691E-10 4.22465E-10 3.90561E-10 9.00411E-10 2.32717E-7 4.09168E-7 6.80229E-7 4.11544E-7 3.05837E-7 8.80108E-7 2.31518E-6 3.27119E-5 2.8994E-5 2.23716E-5 1.6785E-6 1.25934E-6 4.64296E-5 1.19605E-3 1.98326E-3 2.76728E-5 3.51418E-6 3.49003E-6 5.1769E-5 2.52304E-6 9.3624E-7 6.02375E-7 1.17079E-7 6.88572E-9 1.93115E-10 2.84579E-10 8.40399E-9 8.98893E-9 8.2792E-7 1.62572E-6 2.78299E-6 9.60558E-7 8.85344E-9 8.77266E-9 8.71958E-7 7.0364E-7 8.0629E-9 2.55402E-7 7.47581E-7 1.55557E-6 7.50428E-6 2.54576E-4
7.34935E-7 1.92281E-8 2.93703E-7 3.42749E-7 6.6025E-7 1.07282E-7 4.67821E-9 3.71658E-9 6.74094E-9 3.2176E-8 4.19765E-8 5.6163E-10 8.19376E-10 8.8839E-10 7.1685E-10 4.811E-10 8.17106E-10 2.26378E-9 4.11043E-8 4.19137E-8 3.95156E-7 1.91794E-6 6.54199E-7 3.98973E-7 4.09109E-7 1.12088E-6 1.02731E-5 1.30437E-5 9.93467E-6 9.73971E-6 4.75518E-6 1.59844E-4 2.79098E-5 1.67791E-3 1.63748E-4 9.26407E-5 3.53453E-4 3.39809E-6 2.80309E-5 1.19598E-6 9.28986E-7 6.73776E-7 2.06741E-7 1.50953E-9 1.0099E-8 8.25144E-9 9.54821E-10 3.04028E-9 7.47841E-7 3.53901E-6 1.146E-6 9.5464E-9 2.78857E-9 7.14702E-9 1.20089E-8 8.08915E-9 1.92431E-8 1.00182E-6 1.23964E-6 1.39871E-5 8.21475E-6
8.85653E-7 4.11121E-7 4.66798E-7 1.50261E-8 8.60169E-8 4.08747E-7 5.76812E-8 1.26715E-9 4.8887E-9 2.60052E-9 8.50237E-10 5.63605E-10 4.92493E-10 8.42669E-10 4.61342E-10 4.33157E-10 2.90708E-9 7.74365E-10 2.25071E-8 1.65363E-7 6.45144E-7 2.52415E-6 1.8854E-6 6.30781E-7 6.27585E-7 1.43803E-6 8.73273E-6 4.88693E-6 2.80366E-6 4.12247E-5 9.33461E-5 6.51878E-5 9.24175E-5 1.33676E-3 1.41239E-3 1.15483E-3 3.50341E-4 8.81687E-6 1.02955E-6 8.40138E-7 5.18E-7 2.53673E-7 2.74516E-7 7.1009E-9 6.86746E-7 3.50702E-7 5.93963E-7 9.73072E-7 1.39781E-6 3.14503E-6 9.32255E-7 1.23549E-8 1.40895E-7 1.79148E-7 3.23163E-7 6.67927E-7 8.25227E-7 1.06563E-6 1.27725E-6 1.10772E-6 2.27034E-6
9.98592E-7 4.93949E-8 4.77584E-8 7.74284E-9 4.03261E-9 3.9727E-7 3.45259E-7 3.52279E-9 1.28585E-9 1.49897E-9 7.6385E-10 1.05645E-9 4.79138E-10 1.01423E-9 5.71001E-10 5.12767E-10 3.42767E-10 3.26609E-10 1.06447E-9 3.26895E-7 1.24559E-6 2.37263E-6 9.49411E-6 8.54734E-7 6.09748E-7 6.06973E-7 1.67387E-5 3.30771E-5 2.89959E-5 3.2882E-4 7.37624E-5 9.17317E-6 3.1184E-4 9.17872E-5 2.72186E-5 2.53174E-5 9.60861E-4 9.365E-5 7.83664E-7 4.26468E-7 2.25482E-7 6.15308E-9 1.21529E-7 4.48488E-7 3.07602E-7 8.14848E-7 3.64776E-7 1.24274E-6 6.98488E-6 2.28617E-6 1.1301E-6 7.30907E-7 2.13922E-7 5.11855E-7 3.97345E-7 3.59273E-7 7.28462E-7 7.53866E-7 7.85002E-7 9.87038E-7 1.60391E-5
1.11591E-6 4.82223E-7 2.13761E-8 1.60194E-8 1.82925E-9 2.71001E-7 4.24907E-8 9.89513E-8 3.7073E-9 5.6958E-10 8.01812E-10 1.30906E-9 1.33886E-9 1.17081E-9 3.88588E-10 6.16142E-10 1.06597E-9 2.27858E-9 2.03597E-7 2.0504E-7 3.29027E-7 1.10873E-6 7.33998E-6 3.58616E-6 9.87371E-7 3.88338E-7 1.63023E-6 1.22001E-4 3.12147E-4 4.21922E-5 1.16482E-5 2.76539E-5 1.95745E-5 4.82452E-6 1.65723E-6 2.70433E-5 3.42015E-4 2.71133E-5 2.73004E-5 7.58833E-7 6.33343E-7 3.73516E-7 5.21388E-7 6.99636E-7 4.54905E-7 1.07783E-6 6.41529E-6 5.3135E-5 2.06564E-6 6.68733E-7 1.12964E-8 1.21457E-8 8.41321E-9 5.33246E-7 3.56041E-7 4.45949E-7 6.71624E-7 5.74019E-7 6.70863E-7 1.13148E-6 1.92957E-6
1.03046E-6 4.35283E-7 1.47092E-7 1.3089E-8 3.69363E-8 9.65843E-8 3.43283E-9 9.41259E-8 3.26494E-9 7.84869E-10 7.25995E-10 6.42547E-10 6.04954E-10 8.88723E-10 7.88395E-10 4.15487E-10 7.76809E-10 1.02285E-9 9.51115E-8 1.70077E-7 4.25324E-7 5.92918E-7 2.22249E-6 2.51488E-5 1.54473E-6 7.89715E-7 1.27119E-5 2.48554E-4 6.99417E-5 9.27142E-6 2.34016E-6 2.74935E-5 8.83689E-6 1.14552E-6 7.21556E-7 2.16094E-6 1.26281E-4 1.92391E-4 1.59968E-5 3.04623E-6 1.39147E-6 3.54676E-7 5.21521E-7 3.99654E-6 7.91243E-7 1.78314E-6 4.00219E-5 6.06135E-5 9.32392E-7 5.16024E-7 3.46491E-9 3.43958E-7 1.44602E-7 3.22639E-7 7.53343E-7 6.43521E-7 5.92606E-7 4.90022E-7 6.16357E-7 7.90598E-7 8.78939E-7
2.37152E-7 3.76286E-7 7.491E-9 1.35298E-8 9.497E-8 2.12731E-7 1.28568E-7 2.97962E-9 3.51975E-8 3.39134E-9 7.16772E-10 4.23848E-10 4.23402E-10 3.75459E-10 8.47078E-10 7.65744E-10 2.56873E-10 7.8957E-10 5.22373E-8 2.87773E-7 9.70009E-7 2.80561E-6 1.39474E-5 1.35667E-5 5.66015E-5 1.01511E-5 1.63932E-4 2.32933E-5 1.02039E-6 1.24262E-6 3.31551E-6 4.24443E-5 1.00389E-4 7.03362E-7 7.00311E-7 4.75151E-7 8.41498E-6 7.54692E-4 4.83019E-4 2.71114E-5 1.03165E-5 7.4961E-7 3.46505E-5 1.53834E-5 1.65489E-6 1.12702E-5 9.88853E-5 3.09429E-6 7.23243E-7 1.044E-8 3.98206E-9 7.60639E-9 3.05943E-7 4.03698E-7 4.9203E-7 5.25406E-7 5.52819E-7 4.68102E-7 6.6579E-7 7.38197E-7 6.12156E-7
6.44072E-9 2.76325E-8 6.75617E-9 1.37242E-7 9.33929E-8 6.85347E-8 8.49227E-8 5.78748E-8 3.2053E-9 9.42684E-10 4.28492E-10 3.96762E-10 5.60368E-10 8.1245E-10 4.70856E-10 5.42165E-10 6.81089E-10 1.22829E-9 2.46264E-7 5.82597E-7 1.60213E-6 3.36785E-6 1.37467E-6 3.11095E-5 4.84904E-6 1.27344E-5 2.93317E-6 1.89727E-6 4.19737E-7 4.18589E-7 6.37404E-6 3.20431E-6 7.61585E-6 2.4401E-5 1.22229E-6 6.74903E-7 1.27599E-6 8.26755E-6 5.36237E-5 5.1315E-4 3.33862E-5 1.41439E-5 1.7806E-4 1.71255E-4 1.9623E-4 1.05464E-4 3.11867E-5 1.68095E-6 6.7483E-7 4.96209E-7 1.02825E-9 2.46956E-7 3.13228E-7 4.62664E-7 5.43141E-7 5.05019E-7 4.0512E-7 5.46005E-7 5.88025E-7 6.77677E-7 6.19493E-7
