RStudio/Xiphophorus/MaxEnt Models/Xiphophorus nigrensis/Xiphophorus_nigrensis.asc
ncols         432
nrows         590
xllcorner     -101.36634685401
yllcorner     19.040437502918
cellsize      0.008333332798
NODATA_value  -9999
[rows 135 to 161 of 590, columns 305 to 365 of 432]
2.55993E-1 2.43709E-1 2.32792E-1 2.99525E-1 2.85849E-1 2.73482E-1 2.61505E-1 2.497E-1 2.37774E-1 2.265E-1 2.15077E-1 2.02873E-1 1.90252E-1 1.84659E-1 1.7525E-1 1.53228E-1 1.46158E-1 1.39522E-1 1.3114E-1 1.23094E-1 1.15767E-1 1.07455E-1 1.00526E-1 9.45034E-2 8.8892E-2 8.3111E-2 7.89504E-2 2.25338E-1 2.14808E-1 2.05447E-1 1.97163E-1 1.89435E-1 1.81815E-1 1.75362E-1 1.68552E-1 1.62489E-1 1.57024E-1 1.52123E-1 1.47107E-1 8.10744E-2 7.92752E-2 7.7618E-2 7.57171E-2 7.39541E-2 7.19765E-2 7.04785E-2 6.88861E-2 6.74214E-2 6.68623E-2 6.63879E-2 6.59836E-2 6.88502E-2 6.80989E-2 6.80459E-2 -9999 -9999 -9999 -9999 -9999 -9999 -9999
2.62295E-1 2.50612E-1 2.38507E-1 3.06296E-1 2.92889E-1 2.78948E-1 2.66645E-1 2.54742E-1 2.42968E-1 2.31311E-1 2.1975E-1 2.09296E-1 1.9975E-1 1.89633E-1 1.80094E-1 1.57873E-1 1.51207E-1 1.43939E-1 1.35801E-1 1.26228E-1 1.19071E-1 1.10645E-1 1.0396E-1 9.75539E-2 9.13467E-2 8.57304E-2 8.13659E-2 2.33108E-1 2.22048E-1 2.11618E-1 2.02587E-1 1.94333E-1 1.86721E-1 1.79154E-1 1.72152E-1 1.65915E-1 1.60117E-1 1.55193E-1 1.49848E-1 8.24792E-2 8.0493E-2 7.85303E-2 7.65912E-2 7.46762E-2 7.25555E-2 7.08163E-2 6.92758E-2 6.8546E-2 6.78952E-2 6.7379E-2 6.69328E-2 6.96441E-2 6.9328E-2 6.86316E-2 -9999 -9999 -9999 -9999 -9999 -9999 -9999
2.67158E-1 2.55191E-1 2.43944E-1 3.12317E-1 2.98919E-1 2.85882E-1 2.75325E-1 2.63223E-1 2.5098E-1 2.39346E-1 2.26148E-1 2.13933E-1 2.05781E-1 1.95533E-1 1.8608E-1 1.62209E-1 1.55444E-1 1.47607E-1 1.39129E-1 1.30459E-1 1.22005E-1 1.13922E-1 1.07403E-1 1.01525E-1 9.42309E-2 8.91611E-2 8.38509E-2 2.39451E-1 2.28634E-1 2.17929E-1 2.07897E-1 1.99639E-1 1.91128E-1 1.83314E-1 1.76092E-1 1.69394E-1 1.63166E-1 1.58101E-1 1.52669E-1 8.39843E-2 8.15632E-2 7.94245E-2 7.75658E-2 7.52501E-2 7.29875E-2 7.15193E-2 7.04529E-2 6.96691E-2 6.90266E-2 6.81805E-2 6.73288E-2 7.03026E-2 6.96997E-2 6.91863E-2 -9999 -9999 -9999 -9999 -9999 -9999 -9999
2.72659E-1 2.59459E-1 2.4804E-1 3.19283E-1 3.07579E-1 2.93906E-1 2.81472E-1 2.70639E-1 2.59186E-1 2.46448E-1 2.34622E-1 2.21606E-1 2.11382E-1 2.01983E-1 1.91045E-1 1.66335E-1 1.59153E-1 1.51106E-1 1.43134E-1 1.34148E-1 1.25134E-1 1.17279E-1 1.10573E-1 1.03823E-1 9.7343E-2 9.16557E-2 8.60896E-2 2.45617E-1 2.3433E-1 2.23291E-1 2.13611E-1 2.05654E-1 1.96242E-1 1.88079E-1 1.80336E-1 1.73156E-1 1.66732E-1 1.61498E-1 1.55667E-1 8.54E-2 8.29363E-2 8.05236E-2 7.82629E-2 7.57894E-2 7.41111E-2 7.2872E-2 7.1742E-2 7.0775E-2 6.99046E-2 6.90172E-2 6.82257E-2 7.1035E-2 7.05445E-2 6.98932E-2 -9999 -9999 -9999 -9999 -9999 -9999 -9999
3.54507E-1 3.40217E-1 3.2808E-1 2.13808E-1 2.04724E-1 1.9612E-1 1.87343E-1 1.78886E-1 1.71427E-1 1.62748E-1 1.53994E-1 1.45962E-1 1.37867E-1 1.30955E-1 1.24092E-1 1.29588E-1 1.23454E-1 1.17078E-1 1.09921E-1 1.03227E-1 9.68158E-2 9.09968E-2 8.53091E-2 8.03423E-2 7.52689E-2 7.04676E-2 6.6134E-2 2.74299E-1 2.61574E-1 2.49723E-1 2.39155E-1 2.3059E-1 2.21411E-1 2.11955E-1 2.02855E-1 1.94227E-1 1.85927E-1 1.80347E-1 1.73847E-1 2.19184E-1 2.12962E-1 2.07163E-1 2.01464E-1 1.96959E-1 1.93901E-1 1.89789E-1 1.86777E-1 1.84167E-1 1.81934E-1 1.79659E-1 1.77372E-1 1.00372E-1 9.94992E-2 9.87518E-2 -9999 -9999 -9999 -9999 -9999 -9999 -9999
3.63317E-1 3.48918E-1 3.35586E-1 2.20037E-1 2.10755E-1 2.02219E-1 1.93434E-1 1.85027E-1 1.77054E-1 1.67822E-1 1.58219E-1 1.48275E-1 1.41298E-1 1.34862E-1 1.27346E-1 1.33468E-1 1.26807E-1 1.19538E-1 1.11972E-1 1.06014E-1 9.95803E-2 9.36374E-2 8.7687E-2 8.27499E-2 7.77481E-2 7.27866E-2 6.79976E-2 9.2708E-2 2.66123E-1 7.64749E-2 2.44945E-1 2.35423E-1 2.2757E-1 2.18135E-1 2.07836E-1 1.97083E-1 1.88615E-1 1.82601E-1 1.77548E-1 2.22034E-1 2.1567E-1 2.09445E-1 2.0425E-1 2.00445E-1 1.96598E-1 1.93355E-1 1.90189E-1 1.86969E-1 1.84306E-1 1.81625E-1 1.79341E-1 1.01195E-1 9.99955E-2 -9999 -9999 -9999 -9999 -9999 -9999 -9999 -9999
3.71984E-1 3.57478E-1 3.43907E-1 2.26106E-1 2.17183E-1 2.08513E-1 2.00025E-1 1.90863E-1 1.82131E-1 1.72516E-1 1.63236E-1 1.54451E-1 1.46644E-1 1.3995E-1 1.31985E-1 1.37246E-1 1.29866E-1 1.22403E-1 1.15625E-1 1.08663E-1 1.02826E-1 9.61282E-2 9.08542E-2 8.51827E-2 7.9571E-2 7.39853E-2 6.82294E-2 9.11199E-2 8.18383E-2 7.3861E-2 2.48459E-1 2.39867E-1 2.31744E-1 2.23603E-1 2.12749E-1 2.01457E-1 1.92603E-1 1.86129E-1 1.80113E-1 2.26391E-1 2.18593E-1 2.12705E-1 2.08388E-1 2.03872E-1 1.99685E-1 1.96425E-1 1.92968E-1 1.89641E-1 1.86708E-1 1.83748E-1 1.81193E-1 1.01809E-1 1.00556E-1 -9999 -9999 -9999 -9999 -9999 -9999 -9999 -9999
3.80667E-1 3.66448E-1 3.53095E-1 2.33123E-1 2.23901E-1 2.14348E-1 2.05766E-1 1.96314E-1 1.87077E-1 1.77324E-1 1.67807E-1 1.59214E-1 1.51445E-1 1.42803E-1 1.36655E-1 1.41367E-1 1.33535E-1 1.26305E-1 1.19637E-1 1.12765E-1 1.05869E-1 9.91216E-2 9.26903E-2 8.74379E-2 8.09732E-2 7.3387E-2 5.45537E-2 7.1401E-2 6.878E-2 6.92677E-2 7.57074E-2 2.42535E-1 2.3488E-1 2.28653E-1 2.1785E-1 2.07475E-1 1.98349E-1 1.90103E-1 1.83378E-1 2.29663E-1 2.22411E-1 2.17158E-1 2.12267E-1 2.07714E-1 2.03479E-1 1.9909E-1 1.95169E-1 1.92122E-1 1.89187E-1 1.85456E-1 1.81645E-1 1.02172E-1 -9999 -9999 -9999 -9999 -9999 -9999 -9999 -9999 -9999
3.89222E-1 3.7601E-1 3.62754E-1 2.39372E-1 2.29746E-1 2.20108E-1 2.1114E-1 2.01847E-1 1.91933E-1 1.81913E-1 1.72271E-1 1.63471E-1 1.55593E-1 1.47884E-1 1.40513E-1 1.4463E-1 1.36968E-1 1.30004E-1 1.23831E-1 1.16575E-1 1.09423E-1 1.01907E-1 9.52757E-2 8.9815E-2 8.25317E-2 6.92389E-2 5.19923E-2 5.95254E-2 5.62978E-2 6.24524E-2 7.44978E-2 2.48088E-1 2.37934E-1 2.30826E-1 2.22796E-1 2.13061E-1 2.03415E-1 1.93039E-1 1.86796E-1 2.33253E-1 2.27181E-1 2.21683E-1 2.16225E-1 2.11289E-1 2.06689E-1 2.01646E-1 1.97909E-1 1.93609E-1 1.89656E-1 1.85273E-1 1.81667E-1 -9999 -9999 -9999 -9999 -9999 -9999 -9999 -9999 -9999 -9999
3.98283E-1 3.85353E-1 3.71618E-1 2.45537E-1 2.35503E-1 2.26099E-1 2.16126E-1 2.06478E-1 1.96188E-1 1.86098E-1 1.77103E-1 1.6802E-1 1.60397E-1 1.5187E-1 1.44017E-1 1.50415E-1 1.42748E-1 1.36236E-1 1.28386E-1 1.1932E-1 1.12471E-1 1.05377E-1 9.86222E-2 9.24198E-2 8.39645E-2 6.23197E-2 4.69462E-2 5.43727E-2 4.8432E-2 5.6896E-2 6.47236E-2 2.43084E-1 2.39751E-1 2.32897E-1 2.25234E-1 2.16173E-1 2.06357E-1 1.96658E-1 1.89453E-1 2.38157E-1 2.31653E-1 2.25528E-1 2.19574E-1 2.13517E-1 2.08028E-1 2.03077E-1 1.97474E-1 1.92576E-1 -9999 -9999 -9999 -9999 -9999 -9999 -9999 -9999 -9999 -9999 -9999 -9999 -9999
4.07167E-1 3.9368E-1 3.80034E-1 2.51336E-1 2.39781E-1 2.29495E-1 2.19189E-1 2.11416E-1 1.9871E-1 1.90205E-1 1.81296E-1 1.72459E-1 1.63969E-1 1.56533E-1 1.49361E-1 1.56314E-1 1.48545E-1 1.40388E-1 1.32006E-1 1.22797E-1 1.15545E-1 1.0848E-1 1.01682E-1 9.47623E-2 8.58547E-2 6.48016E-2 4.46213E-2 5.8982E-2 5.53601E-2 5.98255E-2 7.35234E-2 7.36625E-2 2.42612E-1 2.33704E-1 2.25925E-1 2.18097E-1 2.08078E-1 1.98804E-1 1.91241E-1 2.40993E-1 2.33977E-1 2.27392E-1 2.20959E-1 2.1465E-1 2.08609E-1 2.02244E-1 1.96487E-1 -9999 -9999 -9999 -9999 -9999 -9999 -9999 -9999 -9999 -9999 -9999 -9999 -9999 -9999
4.15811E-1 4.0217E-1 3.88965E-1 2.58379E-1 2.45582E-1 2.33432E-1 2.25007E-1 2.14954E-1 2.0373E-1 1.96014E-1 1.85995E-1 1.763E-1 1.67821E-1 1.61493E-1 1.56264E-1 1.62136E-1 1.53066E-1 1.43462E-1 1.35041E-1 1.26792E-1 1.19346E-1 1.11381E-1 1.04034E-1 9.63291E-2 8.6232E-2 5.91083E-2 5.69646E-2 7.4704E-2 7.26699E-2 6.58628E-2 7.49947E-2 2.49438E-1 2.44767E-1 2.35769E-1 2.27875E-1 2.19142E-1 2.08499E-1 1.99929E-1 1.92422E-1 2.43378E-1 2.36087E-1 2.29133E-1 2.22292E-1 2.15285E-1 2.07823E-1 2.01722E-1 1.96597E-1 -9999 -9999 -9999 -9999 -9999 -9999 -9999 -9999 -9999 -9999 -9999 -9999 -9999 -9999
4.23918E-1 4.10351E-1 3.97539E-1 2.65532E-1 2.53895E-1 2.42962E-1 2.33773E-1 2.2063E-1 2.12298E-1 2.04965E-1 1.95511E-1 1.83065E-1 1.72044E-1 1.65272E-1 1.59791E-1 1.66974E-1 1.56315E-1 1.46373E-1 1.37901E-1 1.29656E-1 1.22161E-1 1.14361E-1 1.06262E-1 9.7962E-2 9.05204E-2 7.90165E-2 7.15753E-2 1.01011E-1 8.71785E-2 8.94501E-2 2.71784E-1 2.60117E-1 2.48823E-1 2.38208E-1 2.29621E-1 2.19723E-1 2.09626E-1 2.01382E-1 1.93938E-1 2.45466E-1 2.37717E-1 2.30167E-1 2.22197E-1 2.14685E-1 2.0748E-1 2.02159E-1 1.96794E-1 -9999 -9999 -9999 -9999 -9999 -9999 -9999 -9999 -9999 -9999 -9999 -9999 -9999 -9999
4.32215E-1 4.1856E-1 4.05891E-1 2.72397E-1 2.62141E-1 2.52642E-1 2.42457E-1 2.28616E-1 2.20517E-1 2.1229E-1 2.0374E-1 1.94564E-1 1.83112E-1 1.76043E-1 1.65736E-1 1.71596E-1 1.59993E-1 1.50542E-1 1.41978E-1 1.3372E-1 1.24999E-1 1.16834E-1 1.08735E-1 9.96154E-2 9.20486E-2 8.62377E-2 7.98926E-2 1.08432E-1 9.99168E-2 2.94129E-1 2.80076E-1 2.65755E-1 2.52831E-1 2.40696E-1 2.30953E-1 2.19959E-1 2.11504E-1 2.03089E-1 1.96053E-1 2.46668E-1 2.38728E-1 2.30533E-1 2.22227E-1 2.14511E-1 2.08868E-1 2.03292E-1 1.97939E-1 -9999 -9999 -9999 -9999 -9999 -9999 -9999 -9999 -9999 -9999 -9999 -9999 -9999 -9999
4.4048E-1 4.2676E-1 4.1403E-1 2.78936E-1 2.69152E-1 2.59447E-1 2.50287E-1 2.39941E-1 2.29764E-1 2.19733E-1 2.10373E-1 2.00865E-1 1.91116E-1 1.8068E-1 1.70626E-1 1.75713E-1 1.65059E-1 1.5555E-1 1.46124E-1 1.37163E-1 1.28238E-1 1.19577E-1 1.11704E-1 1.02114E-1 9.43986E-2 8.76953E-2 8.14219E-2 1.11407E-1 3.13846E-1 2.9735E-1 2.82311E-1 2.67896E-1 2.54606E-1 2.42234E-1 2.307E-1 2.21527E-1 2.12848E-1 2.04501E-1 1.97059E-1 2.47818E-1 2.39754E-1 2.30409E-1 2.22667E-1 2.15955E-1 2.09922E-1 2.034E-1 1.96545E-1 1.90207E-1 -9999 -9999 -9999 -9999 -9999 -9999 -9999 -9999 -9999 -9999 -9999 -9999 -9999
4.48465E-1 4.34673E-1 4.22107E-1 2.85419E-1 2.7558E-1 2.66012E-1 2.56774E-1 2.46319E-1 2.3625E-1 2.2652E-1 2.15442E-1 2.04807E-1 1.94972E-1 1.84364E-1 1.74501E-1 1.80265E-1 1.7048E-1 1.607E-1 1.50545E-1 1.40706E-1 1.31526E-1 1.22617E-1 1.13626E-1 1.04222E-1 9.57499E-2 8.88308E-2 8.25862E-2 1.12865E-1 3.17024E-1 3.00089E-1 2.84619E-1 2.70072E-1 2.55827E-1 2.4239E-1 2.32363E-1 2.2294E-1 2.13888E-1 2.056E-1 1.97817E-1 2.4871E-1 2.39963E-1 2.31077E-1 2.24451E-1 2.1688E-1 2.09071E-1 2.01891E-1 1.94759E-1 1.89566E-1 -9999 -9999 -9999 -9999 -9999 -9999 -9999 -9999 -9999 -9999 -9999 -9999 -9999
6.15664E-1 6.00421E-1 5.85854E-1 6.27346E-1 6.12674E-1 5.97619E-1 5.82361E-1 5.6528E-1 5.48451E-1 5.30836E-1 5.12543E-1 4.92432E-1 4.71222E-1 4.52021E-1 4.32788E-1 2.54103E-1 2.41441E-1 2.27662E-1 2.13287E-1 1.99548E-1 1.8604E-1 1.72837E-1 1.60148E-1 1.47687E-1 1.35335E-1 1.25322E-1 1.16671E-1 1.03892E-1 2.94095E-1 2.78043E-1 2.63172E-1 2.48452E-1 2.34567E-1 2.23393E-1 2.13799E-1 2.04864E-1 1.96356E-1 1.88406E-1 1.81306E-1 1.91119E-1 1.83798E-1 1.77321E-1 1.71347E-1 1.64712E-1 1.58141E-1 1.53085E-1 1.47975E-1 1.43766E-1 -9999 -9999 -9999 -9999 -9999 -9999 -9999 -9999 -9999 -9999 -9999 -9999 -9999
6.22674E-1 6.08193E-1 5.93377E-1 6.35018E-1 6.20889E-1 6.06201E-1 5.90741E-1 5.73909E-1 5.5644E-1 5.39167E-1 5.2175E-1 5.02422E-1 4.83122E-1 4.63469E-1 4.4689E-1 2.64406E-1 2.49627E-1 2.34806E-1 2.19166E-1 2.03542E-1 1.88706E-1 1.74517E-1 1.61568E-1 1.48165E-1 1.3639E-1 1.26689E-1 1.17946E-1 1.04894E-1 2.96145E-1 2.79505E-1 2.63073E-1 2.48432E-1 2.34912E-1 2.24388E-1 2.14431E-1 2.05322E-1 1.96639E-1 1.88763E-1 1.81418E-1 1.90906E-1 1.83726E-1 1.77393E-1 1.7047E-1 1.64028E-1 1.57177E-1 1.52237E-1 1.4711E-1 1.42518E-1 1.38231E-1 1.34166E-1 1.30338E-1 5.61392E-2 -9999 -9999 -9999 -9999 -9999 -9999 -9999 -9999 -9999
6.29701E-1 6.15129E-1 6.00282E-1 6.41724E-1 6.28389E-1 6.14023E-1 5.9809E-1 5.80675E-1 5.63527E-1 5.46657E-1 5.29765E-1 5.1235E-1 4.94786E-1 4.75422E-1 4.59638E-1 2.72558E-1 2.56953E-1 2.40699E-1 2.22921E-1 2.05784E-1 1.90182E-1 1.76004E-1 1.61835E-1 1.4923E-1 1.38549E-1 1.28478E-1 1.1937E-1 1.0563E-1 9.8062E-2 2.78958E-1 2.62708E-1 2.47353E-1 2.35967E-1 2.24981E-1 2.14793E-1 2.05441E-1 1.96762E-1 1.88803E-1 1.81232E-1 1.90665E-1 1.83142E-1 1.76606E-1 1.69716E-1 1.64964E-1 1.57895E-1 1.52299E-1 1.47067E-1 1.42593E-1 1.37117E-1 1.32584E-1 1.28918E-1 5.53789E-2 -9999 -9999 -9999 -9999 -9999 -9999 -9999 -9999 -9999
6.36197E-1 6.21436E-1 6.0684E-1 6.47357E-1 6.33491E-1 6.20222E-1 6.03272E-1 5.86294E-1 5.69273E-1 5.5255E-1 5.35873E-1 5.19195E-1 5.02033E-1 4.83947E-1 4.68478E-1 2.8071E-1 2.63498E-1 2.4378E-1 2.24762E-1 2.07405E-1 1.91694E-1 1.76256E-1 1.62748E-1 1.51043E-1 1.39886E-1 1.30055E-1 1.20577E-1 1.06245E-1 9.77945E-2 2.77821E-1 2.61073E-1 2.47503E-1 2.36202E-1 2.2502E-1 2.14697E-1 2.05181E-1 1.96521E-1 1.88358E-1 1.80617E-1 1.89522E-1 1.82118E-1 1.75565E-1 1.6931E-1 1.64197E-1 1.58456E-1 1.52501E-1 1.47198E-1 1.41505E-1 1.36748E-1 1.32599E-1 1.27841E-1 5.44891E-2 -9999 -9999 -9999 -9999 -9999 -9999 -9999 -9999 -9999
6.42137E-1 6.27264E-1 6.1241E-1 6.53147E-1 6.38875E-1 6.22829E-1 6.06246E-1 5.89562E-1 5.73121E-1 5.56163E-1 5.39588E-1 5.23391E-1 5.0735E-1 4.9004E-1 4.73485E-1 2.86339E-1 2.71117E-1 2.49294E-1 2.27909E-1 2.08831E-1 1.92645E-1 1.77006E-1 1.63476E-1 1.51573E-1 1.40456E-1 1.30206E-1 1.20191E-1 1.05733E-1 9.72915E-2 2.75932E-1 2.59814E-1 2.47794E-1 2.36002E-1 2.24654E-1 2.14182E-1 2.04668E-1 1.95923E-1 1.87537E-1 1.79734E-1 1.88739E-1 1.81186E-1 1.74655E-1 1.68906E-1 1.63389E-1 1.57803E-1 1.51621E-1 1.45898E-1 1.40526E-1 1.35464E-1 1.30466E-1 1.25412E-1 5.35705E-2 5.25684E-2 -9999 -9999 -9999 -9999 -9999 -9999 -9999 -9999
6.47834E-1 6.32802E-1 6.17627E-1 6.58523E-1 6.436E-1 6.25614E-1 6.08553E-1 5.92357E-1 5.75193E-1 5.58356E-1 5.4161E-1 5.25253E-1 5.09289E-1 4.92862E-1 4.77627E-1 2.87015E-1 2.71254E-1 2.50329E-1 2.29289E-1 2.09277E-1 1.93045E-1 1.77995E-1 1.63384E-1 1.50762E-1 1.40197E-1 1.29471E-1 1.19423E-1 1.04747E-1 9.65543E-2 8.90263E-2 2.59705E-1 2.47527E-1 2.35284E-1 2.23812E-1 2.13335E-1 2.03948E-1 1.94822E-1 1.86297E-1 1.78455E-1 1.8741E-1 1.8019E-1 1.73681E-1 1.67676E-1 1.61801E-1 1.55994E-1 1.50064E-1 1.43784E-1 1.38084E-1 1.32558E-1 1.2713E-1 1.23064E-1 5.25954E-2 5.25227E-2 5.36668E-2 5.44514E-2 -9999 -9999 -9999 -9999 -9999 -9999
6.52985E-1 6.37758E-1 6.2284E-1 6.63177E-1 6.46157E-1 6.27629E-1 6.10674E-1 5.93866E-1 5.76408E-1 5.59223E-1 5.42061E-1 5.25174E-1 5.08511E-1 4.91875E-1 4.74786E-1 2.8334E-1 2.66291E-1 2.4729E-1 2.28528E-1 2.09924E-1 1.93227E-1 1.77705E-1 1.63742E-1 1.50256E-1 1.38613E-1 1.2796E-1 1.18068E-1 1.03816E-1 9.55975E-2 8.85553E-2 2.59683E-1 2.46477E-1 2.34133E-1 2.22579E-1 2.1225E-1 2.02764E-1 1.93429E-1 1.85004E-1 1.77336E-1 1.861E-1 1.78986E-1 1.72248E-1 1.65717E-1 1.59539E-1 1.53598E-1 1.47192E-1 1.4166E-1 1.35934E-1 1.29862E-1 1.25326E-1 1.20927E-1 5.13877E-2 5.16036E-2 5.24248E-2 5.40024E-2 -9999 -9999 -9999 -9999 -9999 -9999
6.57908E-1 6.42444E-1 6.27568E-1 6.66329E-1 6.47738E-1 6.29269E-1 6.13106E-1 5.95008E-1 5.76829E-1 5.58873E-1 5.41095E-1 5.23455E-1 5.05791E-1 4.87844E-1 4.6903E-1 2.78019E-1 2.61543E-1 2.43341E-1 2.25526E-1 2.08804E-1 1.92317E-1 1.77178E-1 1.62879E-1 1.49861E-1 1.38307E-1 1.27722E-1 1.17816E-1 1.03741E-1 9.57074E-2 8.8682E-2 8.30772E-2 2.44995E-1 2.3258E-1 2.20957E-1 2.11352E-1 2.01068E-1 1.91859E-1 1.83709E-1 1.75752E-1 1.84617E-1 1.7713E-1 1.69928E-1 1.6311E-1 1.56368E-1 1.50395E-1 1.44533E-1 1.38615E-1 1.32726E-1 1.27882E-1 1.22932E-1 1.18462E-1 5.01999E-2 5.03722E-2 5.27727E-2 5.51035E-2 5.68155E-2 5.84017E-2 -9999 -9999 -9999 -9999
6.62613E-1 6.47169E-1 6.31383E-1 6.67918E-1 6.49035E-1 6.31454E-1 6.1358E-1 5.94752E-1 5.76054E-1 5.5748E-1 5.38979E-1 5.20475E-1 5.01787E-1 4.82637E-1 4.62601E-1 2.72815E-1 2.56329E-1 2.39327E-1 2.22361E-1 2.05841E-1 1.90206E-1 1.75483E-1 1.61575E-1 1.4867E-1 1.37253E-1 1.26816E-1 1.17114E-1 1.03272E-1 9.57019E-2 8.92256E-2 8.36551E-2 2.46052E-1 2.33491E-1 2.20359E-1 2.09358E-1 1.9906E-1 1.90522E-1 1.81795E-1 1.74109E-1 1.82342E-1 1.74589E-1 1.66997E-1 1.60508E-1 1.54118E-1 1.48063E-1 1.42078E-1 1.36107E-1 1.30918E-1 1.2558E-1 1.20677E-1 1.16183E-1 4.94429E-2 5.0885E-2 5.3201E-2 5.51444E-2 5.68965E-2 5.9339E-2 6.02594E-2 -9999 -9999 -9999
6.66806E-1 6.50759E-1 6.33057E-1 6.69314E-1 6.50371E-1 6.32273E-1 6.13125E-1 5.93776E-1 5.74492E-1 5.55258E-1 5.36009E-1 5.16653E-1 4.97022E-1 4.76922E-1 4.56052E-1 2.67842E-1 2.51533E-1 2.35483E-1 2.1903E-1 2.02834E-1 1.87406E-1 1.73024E-1 1.59466E-1 1.47084E-1 1.35964E-1 1.2566E-1 1.1615E-1 1.02793E-1 9.59287E-2 8.96873E-2 8.4034E-2 7.8747E-2 2.33205E-1 2.20769E-1 2.09657E-1 1.97969E-1 1.88219E-1 1.8014E-1 1.71869E-1 1.80028E-1 1.72241E-1 1.64998E-1 1.58489E-1 1.52171E-1 1.46062E-1 1.40293E-1 1.34135E-1 1.28605E-1 1.23649E-1 1.18996E-1 1.1504E-1 4.89524E-2 5.03648E-2 5.21916E-2 5.39111E-2 5.52999E-2 5.75967E-2 5.83122E-2 5.83679E-2 -9999 -9999
6.70257E-1 6.5386E-1 6.34053E-1 6.70212E-1 6.5114E-1 6.31755E-1 6.1184E-1 5.92205E-1 5.72313E-1 5.52397E-1 5.32419E-1 5.12283E-1 4.91873E-1 4.71025E-1 4.49587E-1 2.6309E-1 2.46971E-1 2.30998E-1 2.15649E-1 2.00271E-1 1.85305E-1 1.71311E-1 1.58501E-1 1.46212E-1 1.34939E-1 1.24565E-1 1.15411E-1 1.02782E-1 9.60526E-2 8.99133E-2 8.41944E-2 7.87864E-2 2.33151E-1 2.2087E-1 2.08886E-1 1.97855E-1 1.86787E-1 1.77512E-1 1.6982E-1 1.77994E-1 1.70345E-1 1.63277E-1 1.56738E-1 1.50418E-1 1.44204E-1 1.37697E-1 1.31921E-1 1.26882E-1 1.22134E-1 1.17835E-1 1.13501E-1 4.84937E-2 4.91E-2 5.05949E-2 5.2123E-2 5.33785E-2 5.48875E-2 5.56935E-2 5.60453E-2 5.62176E-2 5.6186E-2
