RStudio/Xiphophorus/MaxEnt Models/Xiphophorus variatus/Xiphophorus_variatus.asc
ncols         432
nrows         590
xllcorner     -101.36634685401
yllcorner     19.040437502918
cellsize      0.008333332798
NODATA_value  -9999
[rows 297 to 323 of 590, columns 360 to 419 of 432]
5.53412E-1 4.80505E-1 4.3114E-1 5.48764E-1 5.22411E-1 4.68763E-1 4.53817E-1 3.97809E-1 3.34819E-1 3.02301E-1 2.65333E-1 2.14794E-1 1.90638E-1 1.92451E-1 1.55848E-1 1.39912E-1 1.3996E-1 1.15302E-1 1.23645E-1 1.51131E-1 1.64809E-1 1.77889E-1 1.88438E-1 2.0311E-1 2.09605E-1 2.26277E-1 2.3307E-1 2.40406E-1 2.55283E-1 2.69653E-1 2.85491E-1 3.05359E-1 3.24177E-1 3.45733E-1 3.62618E-1 3.90075E-1 4.14118E-1 4.23812E-1 4.23384E-1 4.34455E-1 4.24932E-1 3.91893E-1 3.72326E-1 3.49893E-1 2.89519E-1 2.62745E-1 2.37875E-1 2.15755E-1 1.95257E-1 1.76275E-1 1.57813E-1 -9999 -9999 -9999 -9999 -9999 -9999 -9999 -9999 -9999
5.53173E-1 4.52918E-1 3.87953E-1 3.83765E-1 3.54317E-1 3.42271E-1 4.29904E-1 3.87236E-1 3.51733E-1 3.1762E-1 2.7178E-1 2.5627E-1 1.8918E-1 1.8487E-1 1.57888E-1 1.43625E-1 1.31585E-1 1.18992E-1 1.38698E-1 1.63447E-1 1.72842E-1 1.84558E-1 1.98572E-1 2.15597E-1 2.1648E-1 2.36401E-1 2.4559E-1 2.48961E-1 2.57784E-1 2.76056E-1 2.94271E-1 3.07265E-1 3.35175E-1 3.56352E-1 3.7371E-1 3.91973E-1 4.09887E-1 4.32577E-1 4.44563E-1 4.35625E-1 4.06078E-1 3.85219E-1 3.58832E-1 3.38675E-1 2.80339E-1 2.56469E-1 2.31713E-1 2.08818E-1 1.88924E-1 1.71083E-1 1.53973E-1 -9999 -9999 -9999 -9999 -9999 -9999 -9999 -9999 -9999
5.78613E-1 4.6353E-1 4.01549E-1 3.82086E-1 3.69479E-1 3.3769E-1 2.81082E-1 2.73938E-1 3.69219E-1 3.2305E-1 2.99743E-1 2.6903E-1 2.44908E-1 1.7462E-1 1.60133E-1 1.44271E-1 1.31498E-1 1.21204E-1 1.35606E-1 1.60578E-1 1.79087E-1 1.94159E-1 2.09245E-1 2.1765E-1 2.25595E-1 2.37213E-1 2.40136E-1 2.63485E-1 2.81847E-1 3.03602E-1 3.22813E-1 3.3486E-1 3.48631E-1 3.68693E-1 3.94577E-1 4.21293E-1 4.31623E-1 4.31754E-1 4.4355E-1 4.14949E-1 3.99149E-1 3.7003E-1 3.46751E-1 3.2122E-1 2.68094E-1 2.47084E-1 2.25231E-1 2.0417E-1 1.84474E-1 1.65936E-1 1.49499E-1 -9999 -9999 -9999 -9999 -9999 -9999 -9999 -9999 -9999
5.67929E-1 4.66543E-1 4.20214E-1 4.28556E-1 3.83123E-1 3.25335E-1 3.11234E-1 2.87449E-1 2.41112E-1 2.19461E-1 3.03088E-1 2.80661E-1 2.34395E-1 1.83987E-1 1.6217E-1 1.45918E-1 1.34992E-1 1.25758E-1 1.44742E-1 1.60893E-1 1.83912E-1 1.99826E-1 2.11215E-1 2.25134E-1 2.30525E-1 2.31716E-1 2.57457E-1 2.79308E-1 2.94439E-1 3.05812E-1 3.28834E-1 3.56585E-1 3.82156E-1 3.90846E-1 4.0884E-1 4.25377E-1 4.3969E-1 4.49835E-1 4.40794E-1 4.12415E-1 3.84439E-1 3.57748E-1 3.28857E-1 3.07614E-1 2.53909E-1 2.35693E-1 2.16653E-1 1.97602E-1 1.79566E-1 1.62516E-1 1.46638E-1 1.31176E-1 -9999 -9999 -9999 -9999 -9999 -9999 -9999 -9999
5.52295E-1 5.33835E-1 5.07511E-1 4.59641E-1 3.86931E-1 3.16902E-1 2.91968E-1 2.72905E-1 2.48125E-1 2.33228E-1 2.10149E-1 1.84123E-1 2.49943E-1 2.02728E-1 1.7015E-1 1.46139E-1 1.38895E-1 1.48122E-1 1.6403E-1 1.70779E-1 1.88378E-1 1.97672E-1 2.16497E-1 2.2223E-1 2.40375E-1 2.42404E-1 2.67839E-1 2.72773E-1 2.90306E-1 3.19675E-1 3.52516E-1 3.54485E-1 3.8466E-1 4.2033E-1 4.2806E-1 4.38436E-1 4.3915E-1 4.47219E-1 4.17813E-1 4.0203E-1 3.78849E-1 3.48671E-1 3.1683E-1 2.91646E-1 2.42106E-1 2.23258E-1 2.06627E-1 1.8974E-1 1.73532E-1 1.58928E-1 1.43835E-1 1.28472E-1 -9999 -9999 -9999 -9999 -9999 -9999 -9999 -9999
5.50937E-1 4.91962E-1 4.50166E-1 4.58682E-1 3.96856E-1 3.35899E-1 3.07025E-1 2.85717E-1 2.39937E-1 2.04725E-1 2.06938E-1 1.89047E-1 1.68044E-1 1.37442E-1 1.73024E-1 1.43762E-1 1.36482E-1 1.33063E-1 1.63882E-1 1.77209E-1 1.91819E-1 1.97551E-1 2.1281E-1 2.31078E-1 2.22521E-1 2.33373E-1 2.48283E-1 2.94105E-1 3.17841E-1 3.32286E-1 3.38935E-1 3.59254E-1 3.91997E-1 4.293E-1 4.44646E-1 4.457E-1 4.58653E-1 4.44833E-1 4.14562E-1 3.89506E-1 3.65346E-1 3.37522E-1 3.09831E-1 2.84595E-1 2.30913E-1 2.12822E-1 1.95973E-1 1.81003E-1 1.66512E-1 1.53041E-1 1.39748E-1 1.26305E-1 -9999 -9999 -9999 -9999 -9999 -9999 -9999 -9999
5.77293E-1 5.02029E-1 4.53351E-1 4.42483E-1 4.28785E-1 3.81625E-1 3.31977E-1 2.74667E-1 2.38367E-1 1.98383E-1 1.8555E-1 1.61299E-1 1.60149E-1 1.28543E-1 1.06794E-1 1.38472E-1 1.33862E-1 1.35715E-1 1.6433E-1 1.81523E-1 1.86082E-1 2.06222E-1 2.13276E-1 2.30634E-1 2.44768E-1 2.31945E-1 2.68668E-1 2.99012E-1 3.21582E-1 3.33309E-1 3.58664E-1 3.79293E-1 4.01607E-1 4.27201E-1 4.51624E-1 4.63866E-1 4.57084E-1 4.25874E-1 3.98208E-1 3.84151E-1 3.55745E-1 3.24877E-1 2.99031E-1 2.76436E-1 2.25035E-1 2.05076E-1 1.8701E-1 1.71937E-1 1.58815E-1 1.47462E-1 1.35569E-1 1.23101E-1 -9999 -9999 -9999 -9999 -9999 -9999 -9999 -9999
5.40836E-1 5.02701E-1 4.49678E-1 4.12398E-1 3.93539E-1 3.876E-1 3.29451E-1 2.91858E-1 2.5647E-1 2.38413E-1 2.08168E-1 1.72875E-1 1.33201E-1 1.14509E-1 9.99435E-2 8.58866E-2 8.70697E-2 9.40294E-2 1.57598E-1 1.63457E-1 1.85916E-1 2.09579E-1 2.00326E-1 2.18281E-1 2.24317E-1 2.27663E-1 2.52261E-1 2.98098E-1 3.21867E-1 3.50095E-1 3.65651E-1 3.86169E-1 4.06456E-1 4.36871E-1 4.48098E-1 4.60858E-1 4.32677E-1 4.19444E-1 3.92762E-1 3.67195E-1 3.41581E-1 3.17064E-1 2.91696E-1 2.67105E-1 2.17517E-1 1.99447E-1 1.81805E-1 1.64809E-1 1.51123E-1 1.40793E-1 1.29909E-1 -9999 -9999 -9999 -9999 -9999 -9999 -9999 -9999 -9999
5.60484E-1 4.79095E-1 4.54528E-1 4.09959E-1 3.60859E-1 3.30729E-1 3.1044E-1 2.89405E-1 2.54163E-1 2.33062E-1 2.04284E-1 1.82066E-1 1.47739E-1 1.27659E-1 1.08793E-1 9.01634E-2 9.17726E-2 8.98604E-2 9.34618E-2 1.08554E-1 1.94133E-1 2.03184E-1 1.87741E-1 2.01099E-1 2.14845E-1 2.20566E-1 2.46326E-1 2.92274E-1 3.28122E-1 3.52095E-1 3.82504E-1 4.05355E-1 4.27972E-1 4.49188E-1 4.68851E-1 4.57978E-1 4.27329E-1 4.05543E-1 3.81731E-1 3.50157E-1 3.2647E-1 3.05371E-1 2.82931E-1 2.60836E-1 2.12159E-1 1.93741E-1 1.76325E-1 1.6042E-1 1.45718E-1 1.33248E-1 1.26956E-1 -9999 -9999 -9999 -9999 -9999 -9999 -9999 -9999 -9999
5.36032E-1 4.92211E-1 4.55696E-1 4.12976E-1 3.49783E-1 2.91892E-1 2.77588E-1 2.61177E-1 2.41769E-1 2.26698E-1 2.10178E-1 1.88594E-1 1.70444E-1 1.52546E-1 1.24608E-1 1.02316E-1 9.03906E-2 9.22841E-2 9.52566E-2 1.06626E-1 1.16176E-1 1.82517E-1 1.6671E-1 1.89139E-1 2.15033E-1 2.37331E-1 2.46045E-1 3.08205E-1 3.34926E-1 3.62517E-1 3.90774E-1 4.14566E-1 4.33431E-1 4.49576E-1 4.60894E-1 4.32286E-1 4.18612E-1 3.99309E-1 3.72456E-1 3.39016E-1 3.08796E-1 2.91855E-1 2.71927E-1 2.52363E-1 2.06389E-1 1.89539E-1 1.72058E-1 1.55796E-1 1.41572E-1 1.28672E-1 1.17057E-1 1.07405E-1 -9999 -9999 -9999 -9999 -9999 -9999 -9999 -9999
5.94101E-1 4.82901E-1 4.72366E-1 4.30562E-1 3.64535E-1 3.11584E-1 2.60504E-1 2.23464E-1 2.03241E-1 2.13371E-1 1.92144E-1 1.87946E-1 1.7102E-1 1.56175E-1 1.24614E-1 1.04788E-1 9.33458E-2 8.79785E-2 9.67744E-2 1.0091E-1 1.10645E-1 1.13986E-1 1.22541E-1 1.92896E-1 2.26653E-1 2.79262E-1 2.84175E-1 3.12813E-1 3.33862E-1 3.67169E-1 4.04228E-1 4.29453E-1 4.45148E-1 4.43364E-1 4.54911E-1 4.28727E-1 4.05558E-1 3.84251E-1 3.59617E-1 3.31796E-1 3.01317E-1 2.76469E-1 2.58838E-1 2.4178E-1 2.22334E-1 2.04761E-1 1.87753E-1 1.70665E-1 1.55054E-1 1.40761E-1 1.27705E-1 1.16485E-1 -9999 -9999 -9999 -9999 -9999 -9999 -9999 -9999
5.59433E-1 5.36463E-1 4.89304E-1 4.45646E-1 3.72723E-1 3.5818E-1 2.9549E-1 2.52527E-1 2.06002E-1 1.82073E-1 1.65619E-1 1.51197E-1 1.48622E-1 1.5262E-1 1.44366E-1 1.09675E-1 9.76689E-2 9.75502E-2 9.49798E-2 9.79364E-2 1.0377E-1 1.15889E-1 1.28719E-1 1.39404E-1 1.68134E-1 2.81889E-1 3.10645E-1 3.26766E-1 3.39863E-1 3.77547E-1 4.08759E-1 4.32901E-1 4.47002E-1 4.60827E-1 4.49842E-1 4.25504E-1 4.05235E-1 3.79106E-1 3.48418E-1 3.19627E-1 2.9307E-1 2.71025E-1 2.49723E-1 2.31018E-1 2.14736E-1 2.00027E-1 1.81792E-1 1.67005E-1 1.51408E-1 1.37718E-1 1.25318E-1 1.13443E-1 1.03388E-1 -9999 -9999 -9999 -9999 -9999 -9999 -9999
5.0049E-1 5.00622E-1 4.70178E-1 4.08963E-1 3.38977E-1 3.51654E-1 3.17108E-1 2.44E-1 2.05761E-1 1.83027E-1 1.5217E-1 1.46234E-1 1.44514E-1 1.44964E-1 1.30681E-1 1.15053E-1 1.03492E-1 9.85949E-2 9.52509E-2 9.63004E-2 1.01451E-1 1.16354E-1 1.37651E-1 1.53695E-1 1.8099E-1 1.93899E-1 2.13008E-1 3.40593E-1 3.67257E-1 3.92509E-1 4.14864E-1 4.24926E-1 4.36757E-1 4.52163E-1 4.25265E-1 4.17361E-1 4.00185E-1 3.73954E-1 3.45162E-1 3.13706E-1 2.88411E-1 2.65532E-1 2.42406E-1 2.23918E-1 2.06603E-1 1.9328E-1 1.7469E-1 1.61125E-1 1.48035E-1 1.34191E-1 1.23134E-1 1.11758E-1 1.01092E-1 9.16995E-2 -9999 -9999 -9999 -9999 -9999 -9999
5.65443E-1 5.54315E-1 4.937E-1 4.15594E-1 3.61384E-1 3.08654E-1 2.78462E-1 2.47445E-1 2.33435E-1 1.84529E-1 1.65224E-1 1.4572E-1 1.49068E-1 1.42298E-1 1.21296E-1 1.15801E-1 1.15358E-1 1.02532E-1 9.83929E-2 9.69403E-2 1.04469E-1 1.14786E-1 1.23084E-1 1.55472E-1 1.75745E-1 1.91053E-1 2.14264E-1 2.34349E-1 3.71866E-1 4.04686E-1 4.28551E-1 4.29213E-1 4.30512E-1 4.44058E-1 4.22656E-1 4.0617E-1 3.8469E-1 3.61611E-1 3.32097E-1 3.10617E-1 2.84587E-1 2.62285E-1 2.39979E-1 2.20105E-1 1.99959E-1 1.87084E-1 1.72524E-1 1.54026E-1 1.44432E-1 1.30476E-1 1.19026E-1 1.10039E-1 9.91838E-2 9.05049E-2 -9999 -9999 -9999 -9999 -9999 -9999
5.36332E-1 5.45312E-1 4.82408E-1 4.44109E-1 3.92864E-1 3.38554E-1 3.03468E-1 2.7357E-1 2.5585E-1 2.26069E-1 2.01163E-1 1.63511E-1 1.46735E-1 1.44492E-1 1.32738E-1 1.21949E-1 1.21351E-1 1.11108E-1 1.0747E-1 1.05345E-1 1.08899E-1 1.23592E-1 1.38436E-1 1.56031E-1 1.82566E-1 2.06153E-1 2.25726E-1 2.42478E-1 2.63562E-1 2.82789E-1 4.24163E-1 4.2962E-1 4.47032E-1 4.44005E-1 4.24498E-1 4.07718E-1 3.75037E-1 3.48886E-1 3.23086E-1 3.00437E-1 2.77774E-1 2.55792E-1 2.35345E-1 2.16483E-1 1.98249E-1 1.86056E-1 1.69806E-1 1.52405E-1 1.40505E-1 1.25634E-1 1.15367E-1 1.09435E-1 9.74978E-2 9.04379E-2 8.13817E-2 -9999 -9999 -9999 -9999 -9999
5.27296E-1 5.08686E-1 4.1839E-1 4.01585E-1 3.66506E-1 3.3343E-1 3.08719E-1 2.83035E-1 2.46356E-1 2.15375E-1 1.83298E-1 1.61734E-1 1.45386E-1 1.41028E-1 1.42812E-1 1.37939E-1 1.31106E-1 1.19648E-1 1.15831E-1 1.11233E-1 1.20459E-1 1.3284E-1 1.47781E-1 1.69966E-1 1.99455E-1 2.15661E-1 2.26898E-1 2.51173E-1 2.75245E-1 2.93522E-1 2.92071E-1 4.24846E-1 4.43375E-1 4.24111E-1 4.12697E-1 4.00368E-1 3.72906E-1 3.47567E-1 3.20316E-1 2.94739E-1 2.70507E-1 2.47521E-1 2.28979E-1 2.11015E-1 1.97434E-1 1.82189E-1 1.68731E-1 1.55709E-1 1.43129E-1 1.21438E-1 1.14526E-1 1.05578E-1 9.85541E-2 9.01783E-2 8.15382E-2 -9999 -9999 -9999 -9999 -9999
5.36569E-1 4.9902E-1 4.24749E-1 4.30018E-1 3.82104E-1 3.28456E-1 2.88624E-1 2.69786E-1 2.32958E-1 1.92396E-1 1.70192E-1 1.62316E-1 1.60368E-1 1.48798E-1 1.3916E-1 1.39715E-1 1.35502E-1 1.34449E-1 1.35189E-1 1.3574E-1 1.32101E-1 1.45451E-1 1.59861E-1 1.76673E-1 2.01331E-1 2.21965E-1 2.3974E-1 2.65196E-1 2.81941E-1 2.94018E-1 3.03807E-1 3.09165E-1 4.43564E-1 4.19736E-1 4.01343E-1 3.85766E-1 3.616E-1 3.37684E-1 3.1333E-1 2.89294E-1 2.66344E-1 2.44588E-1 2.25057E-1 2.07637E-1 1.90747E-1 1.79074E-1 1.66745E-1 1.49989E-1 1.4326E-1 1.24855E-1 1.14544E-1 1.0654E-1 9.83987E-2 8.96881E-2 8.12782E-2 -9999 -9999 -9999 -9999 -9999
5.31098E-1 4.5851E-1 4.2218E-1 4.21345E-1 3.50232E-1 2.50272E-1 2.35942E-1 2.18532E-1 2.6675E-1 2.37178E-1 2.00404E-1 1.81279E-1 1.75675E-1 1.71581E-1 1.52455E-1 1.47407E-1 1.40175E-1 1.38015E-1 1.46131E-1 1.52246E-1 1.48464E-1 1.55863E-1 1.81508E-1 1.94724E-1 2.0872E-1 2.3493E-1 2.49082E-1 2.80684E-1 2.87519E-1 2.87247E-1 2.91032E-1 3.08133E-1 2.88779E-1 4.1288E-1 3.95414E-1 3.74752E-1 3.47216E-1 3.22733E-1 3.02127E-1 2.8073E-1 2.5954E-1 2.39271E-1 2.20488E-1 2.02885E-1 1.87063E-1 1.73466E-1 1.62652E-1 1.49216E-1 1.36637E-1 1.2823E-1 1.1101E-1 1.07922E-1 9.90416E-2 8.9507E-2 8.14873E-2 7.85191E-2 -9999 -9999 -9999 -9999
5.19652E-1 4.61994E-1 4.38826E-1 3.62076E-1 3.1696E-1 2.23302E-1 1.95371E-1 2.97219E-1 3.02979E-1 2.5532E-1 2.09291E-1 2.00503E-1 2.01408E-1 1.80636E-1 1.69071E-1 1.57228E-1 1.54194E-1 1.56495E-1 1.62748E-1 1.66355E-1 1.61553E-1 1.8139E-1 1.93857E-1 2.11568E-1 2.18203E-1 2.44826E-1 2.73646E-1 2.89405E-1 2.86753E-1 2.57162E-1 2.99532E-1 3.04984E-1 2.9085E-1 2.7613E-1 2.62019E-1 3.6136E-1 3.37886E-1 3.12771E-1 2.90605E-1 2.6952E-1 2.50527E-1 2.31795E-1 2.14247E-1 1.96834E-1 1.79627E-1 1.67239E-1 1.59965E-1 1.47319E-1 1.38643E-1 1.29918E-1 1.0901E-1 1.08683E-1 1.01222E-1 9.18938E-2 8.2939E-2 7.73764E-2 -9999 -9999 -9999 -9999
5.13065E-1 4.81174E-1 4.19786E-1 3.70806E-1 3.3613E-1 2.74689E-1 2.60247E-1 3.30707E-1 3.19259E-1 3.14448E-1 2.17455E-1 2.49061E-1 2.17552E-1 2.5641E-1 2.06899E-1 1.79659E-1 1.62822E-1 1.64909E-1 1.71023E-1 1.7644E-1 1.74031E-1 1.86325E-1 2.02278E-1 2.17303E-1 2.36545E-1 2.5293E-1 2.77187E-1 2.78827E-1 2.50032E-1 2.67653E-1 2.76439E-1 2.59111E-1 2.84183E-1 2.7236E-1 2.52854E-1 2.34155E-1 3.23812E-1 3.0094E-1 2.81137E-1 2.60778E-1 2.41096E-1 2.2308E-1 2.06981E-1 1.92407E-1 1.75609E-1 1.60207E-1 1.47483E-1 1.39358E-1 1.30143E-1 1.22935E-1 1.10022E-1 1.03926E-1 1.03194E-1 9.82234E-2 9.23402E-2 9.0266E-2 7.12234E-2 -9999 -9999 -9999
4.93439E-1 4.708E-1 4.03992E-1 3.83439E-1 3.58607E-1 3.50801E-1 3.46693E-1 3.60478E-1 3.62629E-1 2.8461E-1 2.64951E-1 2.95329E-1 3.00742E-1 3.02524E-1 2.626E-1 2.00092E-1 1.72752E-1 1.67115E-1 1.74883E-1 1.8619E-1 1.84031E-1 1.89972E-1 2.06669E-1 2.26311E-1 2.45872E-1 2.67531E-1 2.80456E-1 2.80883E-1 2.54286E-1 2.67709E-1 2.80524E-1 2.78579E-1 2.70503E-1 2.5881E-1 2.42141E-1 2.2705E-1 2.10056E-1 2.88293E-1 2.69946E-1 2.51545E-1 2.33453E-1 2.15829E-1 1.98831E-1 1.84318E-1 1.70692E-1 1.55582E-1 1.42931E-1 1.31991E-1 1.24986E-1 1.19191E-1 1.10848E-1 1.07413E-1 1.14005E-1 1.11247E-1 1.06851E-1 1.03825E-1 8.18367E-2 -9999 -9999 -9999
4.75559E-1 4.68194E-1 4.10326E-1 4.44257E-1 3.84437E-1 3.89194E-1 3.6849E-1 3.95708E-1 3.82654E-1 3.42449E-1 3.29772E-1 3.4489E-1 3.43355E-1 3.2893E-1 2.80477E-1 2.41155E-1 1.90705E-1 1.79605E-1 1.83693E-1 1.92471E-1 1.88339E-1 1.91432E-1 2.0835E-1 2.27697E-1 2.48935E-1 2.69113E-1 2.80627E-1 2.88587E-1 2.84623E-1 2.67271E-1 2.57199E-1 2.69246E-1 2.59582E-1 2.40379E-1 2.28457E-1 2.16708E-1 2.02187E-1 1.86124E-1 1.73436E-1 2.41709E-1 2.24657E-1 2.08204E-1 1.92501E-1 1.77953E-1 1.63915E-1 1.53584E-1 1.3913E-1 1.29579E-1 1.22224E-1 1.22926E-1 1.2325E-1 1.19811E-1 1.24738E-1 1.24092E-1 1.20179E-1 1.18357E-1 8.8304E-2 7.22646E-2 -9999 -9999
4.61051E-1 4.60825E-1 4.53054E-1 4.44007E-1 3.83697E-1 4.02656E-1 4.05915E-1 4.28111E-1 4.07348E-1 4.04188E-1 4.10691E-1 3.96949E-1 3.66012E-1 3.47377E-1 3.21674E-1 2.94271E-1 2.49258E-1 1.87192E-1 1.76186E-1 1.85306E-1 1.94648E-1 1.88671E-1 2.0326E-1 2.23469E-1 2.46728E-1 2.66239E-1 2.78479E-1 2.83164E-1 2.74052E-1 2.53362E-1 2.73209E-1 2.65924E-1 2.50177E-1 2.2608E-1 2.13637E-1 2.03431E-1 1.90842E-1 1.76987E-1 1.65757E-1 1.53546E-1 2.1587E-1 2.00382E-1 1.84155E-1 1.70329E-1 1.31393E-1 1.22465E-1 1.1567E-1 1.13794E-1 1.1085E-1 1.10795E-1 1.18727E-1 1.09352E-1 1.12523E-1 1.13117E-1 1.08896E-1 1.03624E-1 6.02407E-2 5.0484E-2 -9999 -9999
4.3674E-1 4.32894E-1 4.25456E-1 4.18087E-1 4.21398E-1 4.22497E-1 4.15238E-1 4.08127E-1 4.20185E-1 3.93421E-1 3.86881E-1 3.98828E-1 3.87018E-1 3.72496E-1 3.38706E-1 3.06701E-1 2.79923E-1 2.36622E-1 2.13696E-1 1.9898E-1 1.95077E-1 1.74554E-1 2.01994E-1 2.22528E-1 2.41744E-1 2.61726E-1 2.71659E-1 2.59678E-1 2.64735E-1 2.53864E-1 2.61475E-1 2.48447E-1 2.32533E-1 2.17642E-1 1.97711E-1 1.90596E-1 1.80105E-1 1.67797E-1 1.57777E-1 1.469E-1 2.08039E-1 1.94414E-1 1.78942E-1 1.64536E-1 1.26261E-1 1.26333E-1 1.25836E-1 1.26168E-1 1.23076E-1 1.2047E-1 1.23025E-1 1.25336E-1 1.23541E-1 1.18327E-1 1.09117E-1 9.65896E-2 5.40872E-2 4.56685E-2 -9999 -9999
4.04431E-1 4.00773E-1 3.9375E-1 3.91602E-1 3.98779E-1 3.96456E-1 3.89598E-1 4.02384E-1 4.13299E-1 4.05424E-1 3.80666E-1 3.74582E-1 3.68735E-1 3.78792E-1 3.45956E-1 3.25537E-1 2.99918E-1 2.73849E-1 2.42648E-1 2.11846E-1 1.82595E-1 1.84902E-1 2.02742E-1 2.22065E-1 2.34556E-1 2.59505E-1 2.69244E-1 2.62357E-1 2.91957E-1 2.67771E-1 2.48766E-1 2.33774E-1 2.2517E-1 2.13337E-1 2.03373E-1 1.97028E-1 1.84193E-1 1.69964E-1 1.5799E-1 1.46568E-1 2.09318E-1 1.95553E-1 1.80709E-1 1.65589E-1 1.37192E-1 1.39987E-1 1.40252E-1 1.38181E-1 1.36236E-1 1.32488E-1 1.33735E-1 1.3334E-1 1.33862E-1 1.20913E-1 1.09974E-1 7.67475E-2 4.89662E-2 -9999 -9999 -9999
3.61414E-1 3.65961E-1 3.59401E-1 3.63369E-1 3.69821E-1 3.67674E-1 3.79461E-1 3.88695E-1 3.88105E-1 3.95622E-1 3.90528E-1 3.68755E-1 3.64135E-1 3.77365E-1 3.52318E-1 3.2113E-1 2.95101E-1 2.75669E-1 2.51151E-1 2.12829E-1 1.97552E-1 1.89485E-1 2.00942E-1 2.17154E-1 2.3037E-1 2.55857E-1 2.74864E-1 2.86873E-1 2.9898E-1 2.69298E-1 2.44804E-1 2.4412E-1 2.37555E-1 2.24877E-1 2.12311E-1 2.05596E-1 1.89206E-1 1.75368E-1 1.64168E-1 1.53222E-1 1.43203E-1 2.05697E-1 1.88251E-1 1.80554E-1 1.50831E-1 1.52692E-1 1.54714E-1 1.5394E-1 1.50232E-1 1.48653E-1 1.47316E-1 1.49507E-1 1.43172E-1 1.25509E-1 1.12223E-1 8.86531E-2 3.47866E-2 -9999 -9999 -9999
3.12559E-1 3.25229E-1 3.18302E-1 3.27341E-1 3.36156E-1 3.45329E-1 3.60522E-1 3.6772E-1 3.73886E-1 3.70398E-1 3.78188E-1 3.60065E-1 3.5109E-1 3.51512E-1 3.54342E-1 3.18136E-1 2.94683E-1 2.76217E-1 2.4655E-1 2.05665E-1 2.05801E-1 2.02102E-1 1.97389E-1 2.09541E-1 2.32282E-1 2.52389E-1 2.73053E-1 2.80476E-1 2.96952E-1 2.68599E-1 2.57376E-1 2.5648E-1 2.48162E-1 2.33572E-1 2.22381E-1 2.11137E-1 1.96671E-1 1.82488E-1 1.70268E-1 1.5891E-1 2.25616E-1 2.09257E-1 1.98257E-1 1.97317E-1 1.64803E-1 1.6693E-1 1.69569E-1 1.7245E-1 1.67916E-1 1.64227E-1 1.60828E-1 1.59584E-1 1.51116E-1 1.31463E-1 1.0406E-1 7.35805E-2 3.08844E-2 -9999 -9999 -9999
