RStudio/Xiphophorus/MaxEnt Models/Xiphophorus variatus/Xiphophorus_variatus.asc
ncols         432
nrows         590
xllcorner     -101.36634685401
yllcorner     19.040437502918
cellsize      0.008333332798
NODATA_value  -9999
[rows 243 to 269 of 590, columns 360 to 419 of 432]
2.81048E-1 2.61973E-1 2.43773E-1 2.26236E-1 2.07817E-1 1.90858E-1 1.77501E-1 1.63762E-1 2.0648E-1 1.91138E-1 1.74749E-1 1.60191E-1 1.46014E-1 1.38221E-1 1.34623E-1 1.30475E-1 1.22183E-1 9.21901E-2 1.04548E-1 1.22392E-1 1.40922E-1 1.51915E-1 1.63239E-1 1.85795E-1 2.05846E-1 2.23727E-1 2.3871E-1 2.60409E-1 2.85968E-1 3.10454E-1 3.33338E-1 3.53445E-1 3.67356E-1 3.84202E-1 3.83561E-1 3.63156E-1 3.44813E-1 3.25858E-1 3.02978E-1 3.11246E-1 2.84558E-1 2.60719E-1 2.33011E-1 2.23472E-1 2.07872E-1 1.91133E-1 1.75616E-1 1.773E-1 1.9459E-1 2.09795E-1 2.38154E-1 2.60268E-1 2.69978E-1 3.16696E-1 3.54226E-1 3.91101E-1 4.28359E-1 4.61727E-1 4.95056E-1 5.26559E-1
2.72187E-1 2.51765E-1 2.356E-1 2.20401E-1 2.03946E-1 1.8856E-1 1.76418E-1 1.63676E-1 2.06089E-1 1.89361E-1 1.72971E-1 1.56781E-1 1.41019E-1 1.24061E-1 1.19866E-1 1.16273E-1 1.11356E-1 9.68119E-2 1.00408E-1 1.16989E-1 1.43178E-1 1.54209E-1 1.71982E-1 1.91753E-1 2.0969E-1 2.2669E-1 2.42372E-1 2.64792E-1 2.89E-1 3.11723E-1 3.34527E-1 3.54328E-1 3.63466E-1 3.68819E-1 3.86842E-1 3.67156E-1 3.49453E-1 3.28944E-1 3.04638E-1 2.79158E-1 2.8557E-1 2.63198E-1 2.10184E-1 2.25237E-1 2.08657E-1 1.91711E-1 1.76622E-1 1.83235E-1 1.96463E-1 2.10321E-1 2.3739E-1 2.63721E-1 2.84359E-1 2.94787E-1 3.2644E-1 3.66979E-1 4.20951E-1 4.57283E-1 4.91313E-1 5.22515E-1
2.62587E-1 2.44261E-1 2.278E-1 2.13443E-1 1.98336E-1 1.86795E-1 1.74796E-1 1.61171E-1 2.04105E-1 1.88464E-1 1.71201E-1 1.50572E-1 1.32069E-1 1.17048E-1 1.13284E-1 1.04526E-1 9.24133E-2 1.0534E-1 1.18365E-1 1.30851E-1 1.42819E-1 1.55411E-1 1.68472E-1 1.91771E-1 2.10833E-1 2.28206E-1 2.42419E-1 2.63905E-1 2.86765E-1 3.08635E-1 3.28625E-1 3.46361E-1 3.57565E-1 3.74639E-1 3.90131E-1 3.70018E-1 3.51905E-1 3.32021E-1 3.0439E-1 2.7874E-1 2.56631E-1 2.63943E-1 2.35743E-1 2.2623E-1 2.07347E-1 1.91633E-1 1.77E-1 1.86291E-1 2.06016E-1 2.22319E-1 2.46335E-1 2.71965E-1 2.9646E-1 3.18227E-1 3.38867E-1 3.78229E-1 4.13175E-1 4.48781E-1 4.76103E-1 4.93666E-1
2.50614E-1 2.33572E-1 2.18187E-1 2.02722E-1 1.91356E-1 1.79784E-1 1.6826E-1 1.57891E-1 2.00572E-1 1.85067E-1 1.69149E-1 1.44615E-1 1.25675E-1 1.1103E-1 1.0172E-1 1.01507E-1 1.08194E-1 1.17605E-1 1.27191E-1 1.37938E-1 1.52178E-1 1.6012E-1 1.68874E-1 1.88838E-1 2.1013E-1 2.26703E-1 2.39944E-1 2.58181E-1 2.79976E-1 2.99266E-1 3.22847E-1 3.469E-1 3.62363E-1 3.7811E-1 3.94581E-1 3.71743E-1 3.53276E-1 3.32018E-1 3.06073E-1 2.80109E-1 2.56892E-1 2.64683E-1 2.45721E-1 2.27205E-1 2.08122E-1 1.87778E-1 1.73854E-1 1.89988E-1 2.12184E-1 2.32056E-1 2.51835E-1 2.8005E-1 3.05089E-1 3.2897E-1 3.54185E-1 3.87666E-1 4.186E-1 4.42951E-1 4.69878E-1 4.86154E-1
2.72275E-1 2.56663E-1 2.42443E-1 2.25774E-1 2.09877E-1 1.95253E-1 1.87136E-1 1.76229E-1 1.53747E-1 1.40404E-1 1.27749E-1 1.06298E-1 9.4785E-2 8.37269E-2 7.74635E-2 7.04637E-2 8.80345E-2 9.6723E-2 1.05313E-1 1.14556E-1 1.4226E-1 1.54803E-1 1.63098E-1 1.70927E-1 1.94582E-1 2.06347E-1 2.13929E-1 2.27666E-1 2.4953E-1 2.69542E-1 2.91038E-1 3.14062E-1 3.52776E-1 3.67939E-1 3.82668E-1 3.61119E-1 3.41676E-1 3.19675E-1 2.94242E-1 2.68891E-1 2.39387E-1 2.20405E-1 2.28183E-1 2.17595E-1 1.52039E-1 1.4034E-1 1.28625E-1 1.41887E-1 1.58421E-1 1.72232E-1 1.87688E-1 2.05557E-1 2.28053E-1 2.48846E-1 2.70129E-1 2.9533E-1 4.26114E-1 4.52618E-1 4.70828E-1 5.02036E-1
2.63887E-1 2.48134E-1 2.34508E-1 2.1849E-1 2.0493E-1 1.93058E-1 1.82418E-1 1.71725E-1 1.50124E-1 1.36599E-1 1.23462E-1 1.10411E-1 9.52396E-2 8.17641E-2 8.27681E-2 8.11333E-2 9.45973E-2 1.05292E-1 1.14289E-1 1.23481E-1 1.51678E-1 1.62223E-1 1.78565E-1 1.96098E-1 2.10051E-1 2.21869E-1 2.31802E-1 2.42644E-1 2.60125E-1 2.73116E-1 2.94576E-1 3.17529E-1 3.57364E-1 3.72368E-1 3.8579E-1 3.64921E-1 3.44016E-1 3.2163E-1 2.95845E-1 2.69355E-1 2.45745E-1 2.24706E-1 2.36841E-1 2.18483E-1 1.54075E-1 1.43939E-1 1.33099E-1 1.4572E-1 1.60434E-1 1.75384E-1 1.90999E-1 2.07839E-1 2.27234E-1 2.50127E-1 2.71188E-1 2.97171E-1 4.28204E-1 4.57203E-1 4.86996E-1 4.95005E-1
2.5451E-1 2.39969E-1 2.24192E-1 2.11932E-1 1.99351E-1 1.88314E-1 1.77716E-1 1.67219E-1 1.45823E-1 1.30104E-1 1.14305E-1 1.05606E-1 9.36806E-2 8.66035E-2 9.02343E-2 9.60779E-2 1.04012E-1 1.14863E-1 1.23259E-1 1.31727E-1 1.62508E-1 1.74709E-1 1.91162E-1 2.09544E-1 2.23434E-1 2.36845E-1 2.48542E-1 2.61447E-1 2.75013E-1 2.92548E-1 3.07274E-1 3.20954E-1 3.61899E-1 3.7786E-1 3.92255E-1 3.68667E-1 3.47335E-1 3.22595E-1 2.98302E-1 2.73914E-1 2.51289E-1 2.3104E-1 2.12286E-1 2.18649E-1 1.56045E-1 1.45125E-1 1.34899E-1 1.47961E-1 1.62163E-1 1.76529E-1 1.92594E-1 2.0934E-1 2.27344E-1 2.46652E-1 2.70744E-1 2.9501E-1 4.24084E-1 4.51627E-1 4.80947E-1 4.64987E-1
2.40833E-1 2.28918E-1 2.16901E-1 2.05563E-1 1.94967E-1 1.8619E-1 1.74624E-1 1.62766E-1 1.41169E-1 1.27332E-1 1.11621E-1 9.97993E-2 9.34016E-2 9.31135E-2 9.70202E-2 1.01614E-1 1.06522E-1 1.18655E-1 1.29977E-1 1.39559E-1 1.72844E-1 1.83951E-1 2.04493E-1 2.20456E-1 2.365E-1 2.50642E-1 2.64165E-1 2.79368E-1 2.95716E-1 3.10117E-1 3.28696E-1 3.40139E-1 3.64188E-1 3.81048E-1 3.96377E-1 3.71287E-1 3.47563E-1 3.25436E-1 2.9982E-1 2.75934E-1 2.5371E-1 2.32393E-1 2.13991E-1 2.19461E-1 1.53998E-1 1.43512E-1 1.32416E-1 1.47374E-1 1.61838E-1 1.76521E-1 1.92386E-1 2.10068E-1 2.27893E-1 2.46357E-1 2.68758E-1 2.91279E-1 4.18715E-1 4.45756E-1 4.73621E-1 4.55805E-1
2.28352E-1 2.1927E-1 2.10618E-1 2.01762E-1 1.92856E-1 1.78918E-1 1.65329E-1 1.57526E-1 1.35661E-1 1.21028E-1 1.10534E-1 9.94298E-2 8.96888E-2 9.53466E-2 9.82677E-2 1.05114E-1 1.07605E-1 1.22797E-1 1.33501E-1 1.41795E-1 1.75732E-1 1.91428E-1 2.09876E-1 2.29029E-1 2.4702E-1 2.62509E-1 2.77721E-1 2.95199E-1 3.14621E-1 3.32932E-1 3.46123E-1 3.59498E-1 3.87589E-1 3.85275E-1 3.98193E-1 3.7279E-1 3.50767E-1 3.27266E-1 3.01293E-1 2.77889E-1 2.55316E-1 2.34377E-1 2.14996E-1 1.96505E-1 1.53925E-1 1.43711E-1 1.30819E-1 1.42822E-1 1.56772E-1 1.7193E-1 1.8942E-1 2.07251E-1 2.27054E-1 2.46487E-1 2.67261E-1 2.89407E-1 4.12195E-1 4.37779E-1 4.63306E-1 4.4643E-1
2.49077E-1 2.29339E-1 2.12479E-1 1.90946E-1 1.78773E-1 1.66205E-1 1.55937E-1 1.50909E-1 1.31245E-1 1.1621E-1 1.04056E-1 9.45882E-2 9.70869E-2 9.91034E-2 9.74791E-2 1.01197E-1 1.0882E-1 1.20923E-1 1.34117E-1 1.47494E-1 1.85401E-1 1.98982E-1 2.18933E-1 2.37284E-1 2.56119E-1 2.71676E-1 2.88126E-1 3.07371E-1 3.31526E-1 3.52837E-1 3.65897E-1 3.71781E-1 4.10678E-1 4.09105E-1 4.01058E-1 3.76341E-1 3.52915E-1 3.28113E-1 3.03582E-1 2.78982E-1 2.56857E-1 2.35603E-1 2.15939E-1 1.97207E-1 1.53829E-1 1.4039E-1 1.26901E-1 1.39303E-1 1.5281E-1 1.69419E-1 1.88033E-1 2.06067E-1 2.24928E-1 2.43971E-1 2.64327E-1 2.86024E-1 4.05129E-1 4.28752E-1 4.5463E-1 4.3768E-1
2.68225E-1 2.43686E-1 2.20896E-1 1.98727E-1 1.81716E-1 1.6562E-1 1.53245E-1 1.45979E-1 1.2606E-1 1.14749E-1 1.01118E-1 1.01075E-1 1.02018E-1 1.03465E-1 1.0285E-1 1.01512E-1 1.13481E-1 1.32482E-1 1.41965E-1 1.52257E-1 1.87684E-1 2.0429E-1 2.23806E-1 2.43283E-1 2.61608E-1 2.77514E-1 2.95382E-1 3.1535E-1 3.42753E-1 3.6428E-1 3.79603E-1 3.95571E-1 4.14065E-1 3.86978E-1 3.82216E-1 3.69924E-1 3.49749E-1 3.25824E-1 3.00368E-1 2.77854E-1 2.55907E-1 2.35407E-1 2.15102E-1 1.96382E-1 1.36603E-1 1.38754E-1 1.27337E-1 1.3919E-1 1.50739E-1 1.69298E-1 1.87102E-1 2.04263E-1 2.21054E-1 2.41952E-1 2.6189E-1 2.83131E-1 4.00266E-1 4.21311E-1 4.45727E-1 4.27861E-1
2.75681E-1 2.51448E-1 2.28878E-1 2.10342E-1 1.91447E-1 1.75011E-1 1.62538E-1 1.48283E-1 1.23538E-1 1.08132E-1 1.04509E-1 1.08746E-1 1.13165E-1 1.13016E-1 1.16721E-1 1.27491E-1 1.36809E-1 1.48832E-1 1.54342E-1 1.65903E-1 2.02307E-1 2.14256E-1 2.31644E-1 2.48898E-1 2.65585E-1 2.81524E-1 2.99403E-1 3.20344E-1 3.467E-1 3.69176E-1 3.83263E-1 3.96837E-1 3.93075E-1 3.78795E-1 3.63955E-1 3.54107E-1 3.37926E-1 3.15769E-1 2.92831E-1 2.7263E-1 2.51692E-1 2.31877E-1 2.12094E-1 1.93758E-1 1.34389E-1 1.36491E-1 1.27717E-1 1.39028E-1 1.5256E-1 1.6771E-1 1.8267E-1 2.01368E-1 2.19374E-1 2.39249E-1 2.59317E-1 2.79466E-1 3.94434E-1 4.13583E-1 4.37451E-1 4.18652E-1
2.89299E-1 2.63545E-1 2.40295E-1 2.21804E-1 2.02149E-1 1.86684E-1 1.74323E-1 1.58951E-1 1.31081E-1 1.17997E-1 1.08532E-1 1.12587E-1 1.18783E-1 1.1931E-1 1.30041E-1 1.43755E-1 1.51967E-1 1.60503E-1 1.69956E-1 1.77699E-1 2.1622E-1 2.32848E-1 2.46283E-1 2.57505E-1 2.69508E-1 2.85467E-1 3.04301E-1 3.27254E-1 3.54731E-1 3.72915E-1 3.85756E-1 3.99152E-1 3.95153E-1 3.70542E-1 3.47E-1 3.25746E-1 3.19593E-1 2.99719E-1 2.80668E-1 2.61895E-1 2.44006E-1 2.26009E-1 2.07133E-1 1.88967E-1 1.31499E-1 1.19722E-1 1.26573E-1 1.3843E-1 1.52129E-1 1.66555E-1 1.81679E-1 1.99979E-1 2.18649E-1 2.37564E-1 2.56039E-1 2.7569E-1 3.87718E-1 4.07784E-1 4.27348E-1 4.08478E-1
3.02866E-1 2.79568E-1 2.56116E-1 2.39306E-1 2.20409E-1 2.04047E-1 1.86458E-1 1.66097E-1 1.38486E-1 1.26535E-1 1.13622E-1 1.15523E-1 1.19536E-1 1.29948E-1 1.45056E-1 1.53017E-1 1.61357E-1 1.70071E-1 1.8244E-1 1.93274E-1 2.33677E-1 2.48814E-1 2.64019E-1 2.77104E-1 2.87387E-1 2.93176E-1 3.10087E-1 3.34082E-1 3.59538E-1 3.77627E-1 3.89249E-1 4.02477E-1 3.98226E-1 3.73249E-1 3.45871E-1 3.16199E-1 2.99903E-1 2.80897E-1 2.66181E-1 2.50362E-1 2.33581E-1 2.17639E-1 2.00518E-1 1.83309E-1 1.28375E-1 1.15962E-1 1.2616E-1 1.38573E-1 1.52058E-1 1.6624E-1 1.81545E-1 1.99491E-1 2.16752E-1 2.34679E-1 2.53237E-1 2.70095E-1 3.8311E-1 4.02505E-1 4.18759E-1 3.99676E-1
3.20317E-1 3.0187E-1 2.77841E-1 2.56106E-1 2.39713E-1 2.15392E-1 1.97621E-1 1.78652E-1 1.49363E-1 1.28374E-1 1.15464E-1 1.19429E-1 1.29398E-1 1.42894E-1 1.51509E-1 1.62475E-1 1.73461E-1 1.84386E-1 1.94451E-1 2.07849E-1 2.51455E-1 2.66592E-1 2.82822E-1 2.96114E-1 3.09575E-1 3.17581E-1 3.28707E-1 3.37837E-1 3.61131E-1 3.82228E-1 3.93713E-1 4.05716E-1 4.02263E-1 3.76873E-1 3.4906E-1 3.19822E-1 2.88665E-1 2.65131E-1 2.51867E-1 2.37388E-1 2.22388E-1 2.07911E-1 1.92619E-1 1.76979E-1 1.23052E-1 1.12873E-1 1.13399E-1 1.39409E-1 1.51922E-1 1.65844E-1 1.81748E-1 1.98401E-1 2.14282E-1 2.32255E-1 2.49262E-1 2.64536E-1 3.79016E-1 3.95627E-1 4.0917E-1 3.82779E-1
3.39545E-1 3.1565E-1 2.93073E-1 2.77638E-1 2.53129E-1 2.30423E-1 2.118E-1 1.87964E-1 1.58231E-1 1.36366E-1 1.21923E-1 1.2959E-1 1.37512E-1 1.49422E-1 1.59739E-1 1.70069E-1 1.81706E-1 1.91943E-1 2.06371E-1 2.19343E-1 2.65564E-1 2.83121E-1 2.98358E-1 3.14668E-1 3.29657E-1 3.41446E-1 3.53716E-1 3.62334E-1 3.69329E-1 3.86723E-1 3.98067E-1 4.07789E-1 4.04105E-1 3.80389E-1 3.52162E-1 3.22489E-1 2.89423E-1 2.62852E-1 2.41683E-1 2.24864E-1 2.10886E-1 1.97282E-1 1.83299E-1 1.68837E-1 1.18155E-1 1.08837E-1 1.12927E-1 1.38689E-1 1.51722E-1 1.65378E-1 1.80512E-1 1.96767E-1 2.13213E-1 2.29758E-1 2.4528E-1 2.61707E-1 3.7406E-1 3.88685E-1 4.0165E-1 3.68485E-1
3.59613E-1 3.36765E-1 3.14951E-1 2.95878E-1 2.59847E-1 2.46984E-1 2.19269E-1 1.98292E-1 1.83654E-1 1.61648E-1 1.54303E-1 1.58161E-1 1.65675E-1 1.79065E-1 1.91239E-1 2.04182E-1 2.17159E-1 2.31722E-1 2.44619E-1 2.60819E-1 1.76356E-1 1.88595E-1 1.99465E-1 2.11445E-1 2.24426E-1 2.36559E-1 2.45304E-1 2.53587E-1 2.56785E-1 2.64334E-1 2.64132E-1 2.70413E-1 3.7753E-1 3.62174E-1 3.34686E-1 3.0509E-1 2.74775E-1 2.47806E-1 2.27443E-1 2.07454E-1 1.90074E-1 1.74571E-1 1.62565E-1 1.50039E-1 1.20244E-1 1.11329E-1 1.20537E-1 1.31493E-1 1.61688E-1 1.76316E-1 1.92476E-1 2.08379E-1 2.24841E-1 2.40817E-1 2.57737E-1 2.75615E-1 3.50022E-1 3.63577E-1 3.75576E-1 3.42368E-1
3.80547E-1 3.5533E-1 3.28795E-1 3.00947E-1 2.7448E-1 2.6082E-1 2.27469E-1 1.98699E-1 1.89916E-1 1.80439E-1 1.63034E-1 1.65272E-1 1.75762E-1 1.86928E-1 1.98801E-1 2.1142E-1 2.25627E-1 2.39886E-1 2.55007E-1 2.70119E-1 1.83201E-1 1.94145E-1 2.05748E-1 2.18727E-1 2.33134E-1 2.47386E-1 2.58323E-1 2.67412E-1 2.77219E-1 2.72863E-1 2.82137E-1 2.73368E-1 3.79257E-1 3.65359E-1 3.38346E-1 3.09082E-1 2.79011E-1 2.5087E-1 2.25304E-1 2.08584E-1 1.90431E-1 1.72826E-1 1.57145E-1 1.40624E-1 1.12958E-1 1.11576E-1 1.21614E-1 1.29745E-1 1.60591E-1 1.75285E-1 1.91489E-1 2.0701E-1 2.22587E-1 2.37639E-1 2.51529E-1 2.69821E-1 3.45098E-1 3.58067E-1 3.70134E-1 3.44316E-1
4.08529E-1 3.67804E-1 3.40357E-1 3.13927E-1 2.99442E-1 2.68101E-1 2.33273E-1 2.03227E-1 2.02287E-1 1.91459E-1 1.74408E-1 1.70988E-1 1.81718E-1 1.92406E-1 2.04503E-1 2.1736E-1 2.31014E-1 2.45506E-1 2.60867E-1 2.77143E-1 1.86959E-1 1.97482E-1 2.09361E-1 2.22718E-1 2.37675E-1 2.52811E-1 2.65431E-1 2.85427E-1 2.96196E-1 2.89763E-1 2.83623E-1 2.61523E-1 3.8352E-1 3.64056E-1 3.36923E-1 3.08458E-1 2.80242E-1 2.52175E-1 2.28323E-1 2.08595E-1 1.88445E-1 1.70963E-1 1.53044E-1 1.40401E-1 1.12563E-1 1.12085E-1 1.20737E-1 1.3133E-1 1.5987E-1 1.7383E-1 1.89185E-1 2.04711E-1 2.19851E-1 2.34942E-1 2.4894E-1 2.63163E-1 3.37212E-1 3.50765E-1 3.65779E-1 3.39207E-1
4.43377E-1 3.91936E-1 3.49283E-1 3.23232E-1 2.96894E-1 2.64418E-1 2.36026E-1 2.18953E-1 2.14168E-1 2.01454E-1 1.84609E-1 1.78452E-1 1.88736E-1 1.99528E-1 2.10811E-1 2.22581E-1 2.36384E-1 2.5017E-1 2.66505E-1 2.81092E-1 1.8906E-1 1.99605E-1 2.06746E-1 2.24863E-1 2.39813E-1 2.54164E-1 2.75488E-1 2.88149E-1 2.97976E-1 2.76775E-1 2.6996E-1 2.58242E-1 3.72148E-1 3.53726E-1 3.28371E-1 3.02448E-1 2.77242E-1 2.5079E-1 2.26906E-1 2.03913E-1 1.83924E-1 1.64891E-1 1.54376E-1 1.39162E-1 1.13264E-1 1.11406E-1 1.20488E-1 1.30556E-1 1.43048E-1 1.73156E-1 1.87336E-1 2.00322E-1 2.16699E-1 2.3224E-1 2.45835E-1 2.58681E-1 3.2615E-1 3.419E-1 3.59037E-1 3.35604E-1
4.58626E-1 4.07696E-1 3.55133E-1 3.28049E-1 3.00963E-1 2.75057E-1 2.55391E-1 2.35295E-1 2.34553E-1 2.15795E-1 1.95117E-1 1.8657E-1 1.97446E-1 2.08894E-1 2.20914E-1 2.33501E-1 2.46649E-1 2.59448E-1 2.73546E-1 2.84369E-1 1.90457E-1 2.01663E-1 2.14261E-1 2.27657E-1 2.41148E-1 2.59285E-1 2.82278E-1 2.90787E-1 3.0052E-1 2.7825E-1 2.57483E-1 2.49206E-1 3.61781E-1 3.3565E-1 3.15206E-1 2.92359E-1 2.69382E-1 2.46464E-1 2.24188E-1 2.0342E-1 1.83319E-1 1.61808E-1 1.51857E-1 1.47433E-1 1.22074E-1 1.17127E-1 1.19217E-1 1.29598E-1 1.41709E-1 1.71651E-1 1.8455E-1 1.92596E-1 2.10509E-1 2.25981E-1 2.40356E-1 2.52858E-1 3.13888E-1 3.27845E-1 3.29942E-1 3.19767E-1
4.70577E-1 4.37041E-1 3.73563E-1 3.43349E-1 3.14227E-1 2.93424E-1 2.7433E-1 2.60213E-1 2.50893E-1 2.21742E-1 2.035E-1 1.92474E-1 2.05318E-1 2.17339E-1 2.29997E-1 2.43312E-1 2.57271E-1 2.70983E-1 2.8344E-1 2.93532E-1 1.95419E-1 2.07277E-1 2.18593E-1 2.28959E-1 2.43155E-1 2.63563E-1 2.84107E-1 2.94162E-1 3.02989E-1 2.79664E-1 2.59396E-1 2.37708E-1 3.43531E-1 3.21593E-1 2.98086E-1 2.79624E-1 2.58386E-1 2.36854E-1 2.16205E-1 1.96726E-1 1.76443E-1 1.67E-1 1.65934E-1 1.59478E-1 1.32352E-1 1.24949E-1 1.18821E-1 1.28834E-1 1.38885E-1 1.4535E-1 1.79237E-1 1.85133E-1 2.01559E-1 2.17033E-1 2.27827E-1 2.40721E-1 3.019E-1 3.05156E-1 3.02438E-1 2.97201E-1
4.95915E-1 4.49283E-1 3.96356E-1 3.6342E-1 3.38131E-1 3.12054E-1 2.84511E-1 2.63516E-1 2.61735E-1 2.39228E-1 2.1263E-1 1.9889E-1 2.12191E-1 2.24681E-1 2.37859E-1 2.5175E-1 2.64618E-1 2.78123E-1 2.91335E-1 3.06057E-1 2.04267E-1 2.17321E-1 2.25895E-1 2.4098E-1 2.59774E-1 2.76909E-1 2.88277E-1 2.97448E-1 3.06192E-1 2.82543E-1 2.61245E-1 2.38653E-1 3.34604E-1 3.0509E-1 2.84592E-1 2.63449E-1 2.45833E-1 2.26872E-1 2.07861E-1 1.95779E-1 1.88061E-1 1.83251E-1 1.78993E-1 1.7223E-1 1.43855E-1 1.35558E-1 1.26977E-1 1.25639E-1 1.31841E-1 1.40984E-1 1.70439E-1 1.7796E-1 1.90873E-1 2.01333E-1 2.14435E-1 2.24371E-1 2.75728E-1 2.80391E-1 2.78357E-1 2.72498E-1
5.21665E-1 4.77255E-1 4.18571E-1 3.97018E-1 3.70096E-1 3.39419E-1 3.05025E-1 2.79521E-1 2.69926E-1 2.45545E-1 2.24754E-1 2.0654E-1 2.187E-1 2.3075E-1 2.44301E-1 2.57745E-1 2.71029E-1 2.84094E-1 2.95065E-1 3.11307E-1 2.15908E-1 2.39435E-1 2.53115E-1 2.67393E-1 2.82113E-1 2.94729E-1 3.01687E-1 3.00643E-1 3.08496E-1 2.83831E-1 2.60977E-1 2.402E-1 3.36445E-1 3.05169E-1 2.76988E-1 2.51645E-1 2.31315E-1 2.24597E-1 2.18456E-1 2.12137E-1 2.04644E-1 1.96836E-1 1.90813E-1 1.82824E-1 1.50351E-1 1.43321E-1 1.34838E-1 1.27072E-1 1.2574E-1 1.38482E-1 1.43932E-1 1.69842E-1 1.82381E-1 1.89056E-1 1.97334E-1 2.07737E-1 2.53983E-1 2.55265E-1 2.51495E-1 2.4498E-1
5.45735E-1 5.04073E-1 4.49006E-1 4.05157E-1 3.85354E-1 3.56055E-1 3.23973E-1 2.92822E-1 2.82413E-1 2.55649E-1 2.30006E-1 2.09568E-1 2.22395E-1 2.36241E-1 2.49189E-1 2.61114E-1 2.74564E-1 2.88721E-1 2.96233E-1 3.1737E-1 2.30283E-1 2.4437E-1 2.585E-1 2.73408E-1 2.89135E-1 3.01874E-1 3.11737E-1 3.21134E-1 3.09921E-1 2.84344E-1 2.60049E-1 2.39234E-1 3.35874E-1 3.05972E-1 2.76955E-1 2.52086E-1 2.45558E-1 2.42599E-1 2.38623E-1 2.3374E-1 2.22936E-1 2.12662E-1 2.06224E-1 2.00844E-1 1.65819E-1 1.53788E-1 1.44235E-1 1.33641E-1 1.24822E-1 1.317E-1 1.35843E-1 1.62298E-1 1.71583E-1 1.76456E-1 1.83412E-1 1.91394E-1 2.34983E-1 2.34629E-1 2.30003E-1 2.21468E-1
5.59652E-1 5.17711E-1 4.67696E-1 4.09556E-1 3.85994E-1 3.47374E-1 3.17248E-1 2.916E-1 2.83542E-1 2.56567E-1 2.32762E-1 2.11394E-1 2.25374E-1 2.38233E-1 2.52356E-1 2.65224E-1 2.77888E-1 2.91212E-1 3.05218E-1 3.3428E-1 2.34193E-1 2.47617E-1 2.61786E-1 2.76727E-1 2.92464E-1 3.05168E-1 3.14954E-1 3.23437E-1 2.96628E-1 2.76392E-1 2.5646E-1 2.35218E-1 3.32252E-1 3.03047E-1 2.75785E-1 2.72774E-1 2.6576E-1 2.60753E-1 2.52166E-1 2.46595E-1 2.42055E-1 2.31755E-1 2.2148E-1 2.10536E-1 1.70767E-1 1.58638E-1 1.5429E-1 1.40805E-1 1.34335E-1 1.26301E-1 1.26072E-1 1.52658E-1 1.60398E-1 1.65065E-1 1.69548E-1 1.72919E-1 2.13808E-1 2.13061E-1 2.0858E-1 1.99211E-1
5.72305E-1 5.25657E-1 4.8531E-1 4.18958E-1 3.7151E-1 3.41698E-1 3.20424E-1 2.94526E-1 2.87565E-1 2.61314E-1 2.37053E-1 2.13807E-1 2.25176E-1 2.38117E-1 2.54628E-1 2.69998E-1 2.80951E-1 2.93507E-1 3.06677E-1 3.31877E-1 2.35871E-1 2.50038E-1 2.64224E-1 2.79172E-1 2.957E-1 3.0837E-1 3.17257E-1 3.2649E-1 3.00906E-1 2.74317E-1 2.49885E-1 2.2777E-1 3.23136E-1 3.01829E-1 2.99111E-1 2.94856E-1 2.83762E-1 2.86613E-1 2.80034E-1 2.76975E-1 2.70711E-1 2.59165E-1 2.362E-1 2.20987E-1 1.78099E-1 1.67596E-1 1.58298E-1 1.53048E-1 1.44845E-1 1.33288E-1 1.21518E-1 1.26272E-1 1.49442E-1 1.52684E-1 1.54964E-1 1.58744E-1 1.93976E-1 1.92524E-1 1.90228E-1 1.82091E-1
