RStudio/Xiphophorus/MaxEnt Models/Xiphophorus variatus/Xiphophorus_variatus.asc
ncols         432
nrows         590
xllcorner     -101.36634685401
yllcorner     19.040437502918
cellsize      0.008333332798
NODATA_value  -9999
[rows 162 to 188 of 590, columns 180 to 239 of 432]
-9999 -9999 -9999 -9999 -9999 -9999 -9999 -9999 -9999 -9999 -9999 -9999 -9999 -9999 -9999 -9999 -9999 -9999 -9999 -9999 -9999 -9999 -9999 -9999 -9999 -9999 -9999 -9999 -9999 -9999 -9999 3.9211E-8 4.99307E-8 1.91867E-8 1.30476E-8 1.48008E-8 4.81567E-8 6.29086E-8 3.29016E-8 3.17959E-8 1.67398E-7 2.97229E-6 3.33744E-5 8.90852E-5 2.01752E-5 4.45078E-6 5.37754E-4 3.20902E-2 3.52537E-2 3.02681E-2 2.78778E-3 9.0592E-5 1.1406E-5 1.06085E-3 4.40652E-2 7.52483E-2 6.54367E-2 2.44233E-1 2.04895E-1 2.15342E-1
-9999 -9999 -9999 -9999 -9999 -9999 -9999 -9999 -9999 -9999 -9999 -9999 -9999 -9999 -9999 -9999 -9999 -9999 -9999 -9999 -9999 -9999 -9999 -9999 -9999 2.96438E-8 -9999 -9999 -9999 -9999 4.68128E-8 4.70547E-8 4.15739E-8 6.441E-8 1.62001E-8 1.76776E-8 1.31941E-8 2.36992E-8 3.17204E-8 1.88187E-8 3.10698E-8 9.52714E-7 2.61411E-5 3.78303E-4 2.6977E-4 3.17175E-4 1.01803E-2 3.31179E-2 4.41383E-2 4.65342E-2 2.77046E-2 2.20826E-3 2.53975E-4 1.56344E-3 8.51699E-2 1.02498E-1 9.83222E-2 1.51724E-1 2.5245E-1 2.48362E-1
-9999 -9999 -9999 -9999 -9999 -9999 -9999 -9999 -9999 -9999 -9999 -9999 -9999 -9999 -9999 -9999 -9999 -9999 -9999 -9999 -9999 -9999 -9999 -9999 -9999 2.58046E-8 3.4752E-8 4.76517E-8 4.93252E-8 4.22796E-8 5.58722E-8 6.34517E-8 6.7589E-8 5.5248E-8 5.91499E-8 1.59857E-8 1.14016E-8 1.01791E-8 1.63249E-8 1.52073E-8 1.1279E-8 6.99238E-8 5.14179E-6 4.97246E-4 1.51257E-3 5.76751E-3 1.77374E-2 1.61233E-2 9.65489E-3 5.72283E-2 7.55763E-2 9.34597E-2 5.86965E-3 2.1605E-2 1.15037E-1 1.2523E-1 1.39018E-1 1.37967E-1 2.73954E-1 2.7476E-1
-9999 -9999 -9999 -9999 -9999 -9999 -9999 -9999 -9999 -9999 -9999 -9999 -9999 -9999 -9999 -9999 -9999 -9999 -9999 -9999 -9999 -9999 -9999 -9999 2.86346E-8 2.17627E-8 2.2142E-8 4.61906E-8 5.06515E-8 4.86925E-8 5.71958E-8 6.59309E-8 9.91213E-8 8.03716E-8 4.95798E-8 3.69679E-8 1.96889E-8 8.1309E-9 6.08438E-9 1.10216E-8 1.28605E-8 2.81496E-8 3.63472E-7 2.35553E-5 7.17275E-4 3.31527E-3 4.33296E-3 6.15258E-5 3.19405E-4 3.44555E-2 3.25988E-2 1.06849E-1 1.28464E-2 1.13989E-1 8.94616E-2 1.0156E-1 1.29472E-1 1.5721E-1 2.84609E-1 2.96293E-1
-9999 -9999 -9999 -9999 -9999 -9999 -9999 -9999 -9999 -9999 -9999 -9999 -9999 -9999 -9999 -9999 -9999 -9999 -9999 -9999 -9999 -9999 -9999 -9999 1.9081E-8 2.85403E-8 3.29144E-8 2.20802E-8 3.98167E-8 5.03969E-8 5.23447E-8 5.9166E-8 8.88649E-8 9.82548E-8 8.04211E-8 6.2784E-8 3.00217E-8 1.13026E-8 6.49444E-9 7.79445E-9 1.13849E-8 1.49527E-8 5.06712E-8 3.0632E-6 1.59376E-4 2.07885E-3 1.90857E-3 6.84399E-5 4.27835E-5 2.08424E-4 1.61432E-2 9.9439E-2 1.05184E-1 1.17446E-1 5.22736E-3 1.69719E-2 5.60902E-2 1.59859E-1 1.57372E-1 2.12745E-1
-9999 -9999 -9999 -9999 -9999 -9999 -9999 -9999 -9999 -9999 -9999 -9999 -9999 -9999 -9999 -9999 -9999 -9999 -9999 -9999 -9999 -9999 -9999 -9999 1.63425E-8 1.4218E-8 2.19841E-8 3.36846E-8 4.2765E-8 4.737E-8 4.86342E-8 5.18339E-8 8.13359E-8 8.71835E-8 9.6332E-8 5.52626E-8 5.97832E-8 4.06753E-8 1.21086E-8 8.46143E-9 8.35417E-9 9.56385E-9 2.37685E-8 3.54943E-7 2.3004E-5 1.84848E-3 5.39061E-4 1.08868E-4 1.28422E-5 3.59931E-5 8.21422E-4 5.95761E-3 7.04677E-2 7.00736E-4 2.96195E-4 6.0098E-4 2.9909E-2 1.67087E-1 1.85659E-1 2.11123E-1
-9999 -9999 -9999 -9999 -9999 -9999 -9999 -9999 -9999 -9999 -9999 -9999 -9999 -9999 -9999 -9999 -9999 -9999 -9999 -9999 -9999 -9999 -9999 -9999 -9999 -9999 1.03475E-8 1.89647E-8 2.92807E-8 4.35349E-8 2.93055E-8 4.62959E-8 7.44442E-8 8.1767E-8 1.35734E-7 1.01557E-7 8.86617E-8 3.22618E-8 3.99614E-8 1.55604E-8 9.54435E-9 9.03474E-9 1.66409E-8 1.19311E-7 1.1666E-5 5.09343E-4 1.13088E-3 9.99804E-4 1.0633E-4 2.98874E-6 3.77058E-5 4.69186E-4 1.49256E-3 1.09314E-3 1.97231E-4 5.87026E-4 5.4429E-3 1.8048E-1 1.47001E-1 2.62288E-1
-9999 -9999 -9999 -9999 -9999 -9999 -9999 -9999 -9999 -9999 -9999 -9999 -9999 -9999 -9999 -9999 -9999 -9999 -9999 -9999 -9999 -9999 -9999 -9999 -9999 -9999 -9999 -9999 1.31339E-8 2.07653E-8 4.01413E-8 3.40499E-8 6.63282E-8 7.82103E-8 1.10124E-7 1.74342E-7 1.5222E-7 2.14005E-8 3.45732E-8 3.3145E-8 2.35065E-8 3.06262E-8 1.4189E-8 3.35925E-8 1.50188E-6 9.27121E-6 3.47736E-4 9.89692E-4 1.04188E-4 4.63728E-6 6.72437E-7 1.93915E-5 1.95831E-4 7.79275E-4 3.46015E-4 5.45444E-4 1.04069E-3 1.17744E-1 1.5855E-1 2.82235E-1
-9999 -9999 -9999 -9999 -9999 -9999 -9999 -9999 -9999 -9999 -9999 -9999 -9999 -9999 -9999 -9999 -9999 -9999 -9999 -9999 -9999 -9999 -9999 -9999 -9999 -9999 -9999 -9999 -9999 1.03552E-8 1.82457E-8 2.51082E-8 5.10573E-8 6.48302E-8 8.30817E-8 9.43496E-8 2.04888E-7 4.77953E-8 2.42921E-8 6.30407E-8 1.19732E-7 8.27179E-8 5.02545E-8 3.30931E-8 4.36659E-8 1.9799E-6 2.11556E-4 8.03581E-4 5.45201E-4 2.22091E-5 7.8531E-7 6.18002E-7 3.89098E-5 9.8728E-4 5.45616E-4 2.61519E-4 8.00719E-4 6.45675E-2 2.39019E-1 2.33215E-1
-9999 -9999 -9999 -9999 -9999 -9999 -9999 -9999 -9999 -9999 -9999 -9999 -9999 -9999 -9999 -9999 -9999 -9999 -9999 -9999 -9999 -9999 -9999 -9999 -9999 -9999 -9999 -9999 -9999 -9999 1.08935E-8 6.77808E-9 3.06167E-8 3.75649E-8 6.46898E-8 8.07883E-8 1.41219E-7 1.74938E-7 3.91462E-8 3.1003E-8 3.66479E-7 1.40433E-7 6.21071E-8 1.41075E-7 2.6581E-8 1.13705E-7 6.32665E-6 6.1781E-4 6.97633E-4 7.20949E-5 2.07835E-6 7.93705E-7 2.10626E-6 6.91774E-4 1.11142E-3 4.25022E-4 7.07944E-4 5.00108E-2 2.37387E-1 2.70134E-1
-9999 -9999 -9999 -9999 -9999 -9999 -9999 -9999 -9999 -9999 -9999 -9999 -9999 -9999 -9999 -9999 -9999 -9999 -9999 -9999 -9999 -9999 -9999 -9999 -9999 -9999 -9999 -9999 -9999 -9999 2.08497E-9 1.16206E-8 1.21756E-8 1.01389E-8 3.80806E-8 7.88267E-8 1.45606E-7 2.86168E-7 2.2484E-7 5.7846E-8 1.30619E-7 7.9406E-7 5.1496E-7 4.04264E-7 2.98611E-8 8.64607E-8 6.99348E-6 8.52113E-5 2.2463E-4 3.45828E-4 8.8785E-6 5.56221E-7 1.18838E-6 1.01539E-4 2.61054E-3 9.68969E-4 6.38125E-4 2.14672E-2 1.77314E-1 2.6683E-1
-9999 -9999 -9999 -9999 -9999 -9999 -9999 -9999 -9999 -9999 -9999 -9999 -9999 -9999 -9999 -9999 -9999 -9999 -9999 -9999 -9999 -9999 -9999 -9999 -9999 -9999 -9999 -9999 -9999 4.17564E-9 3.15921E-9 2.30891E-9 5.94573E-9 2.5863E-8 5.50433E-8 7.21722E-8 8.43335E-8 1.7753E-7 3.63396E-7 1.94399E-7 7.0228E-8 1.94138E-7 5.66748E-7 6.64877E-7 4.05003E-7 3.51364E-6 6.96457E-5 8.18084E-5 2.97344E-4 7.22138E-5 2.20328E-5 9.95987E-7 1.11173E-6 2.03745E-5 1.57104E-3 4.23869E-3 1.17769E-3 2.64821E-3 1.23899E-1 2.29304E-1
-9999 -9999 -9999 -9999 -9999 -9999 -9999 -9999 -9999 -9999 -9999 -9999 -9999 -9999 -9999 -9999 -9999 -9999 -9999 -9999 -9999 -9999 -9999 -9999 -9999 -9999 -9999 -9999 -9999 1.20271E-8 1.23025E-8 6.85019E-9 2.14249E-8 4.25099E-8 6.84448E-8 6.10738E-8 4.66463E-8 1.00688E-7 1.82164E-7 5.10118E-7 9.21512E-8 1.10059E-7 6.83145E-7 4.72051E-7 3.70519E-6 8.45025E-6 1.35022E-6 2.53908E-5 5.06971E-5 3.94586E-5 3.71829E-5 1.26291E-5 2.87528E-6 5.84684E-5 7.16373E-4 2.01255E-3 2.15438E-3 1.69629E-3 7.02707E-2 2.0328E-1
-9999 -9999 -9999 -9999 -9999 -9999 -9999 -9999 -9999 -9999 -9999 -9999 -9999 -9999 -9999 -9999 -9999 -9999 -9999 -9999 -9999 -9999 -9999 -9999 -9999 -9999 -9999 -9999 1.26591E-8 1.38763E-8 1.48483E-8 9.82042E-9 1.33796E-8 2.41392E-8 7.68853E-8 6.86462E-8 4.92787E-8 9.13636E-8 1.3436E-7 1.70131E-7 5.7097E-7 2.17446E-7 1.02062E-6 6.06005E-6 1.34781E-5 8.94295E-6 3.17729E-6 3.68907E-6 1.45055E-6 3.3403E-6 5.32733E-6 3.10951E-5 3.20605E-5 1.03472E-4 1.25672E-4 4.91549E-4 2.15331E-3 1.00974E-3 8.18686E-3 1.58081E-1
-9999 -9999 -9999 -9999 -9999 -9999 -9999 -9999 -9999 -9999 -9999 -9999 -9999 -9999 -9999 -9999 -9999 -9999 -9999 -9999 -9999 -9999 -9999 -9999 -9999 -9999 -9999 1.0095E-8 1.355E-8 1.90188E-8 2.33116E-8 3.58127E-8 6.15977E-8 3.63831E-8 4.51344E-8 3.08441E-8 5.84153E-8 8.6151E-8 1.55443E-7 1.77702E-7 1.79637E-7 1.27525E-6 1.59175E-6 1.11948E-6 4.86884E-6 5.49684E-6 1.68095E-6 9.2249E-7 1.93632E-7 9.17509E-8 4.07173E-7 2.68215E-6 5.20507E-6 1.07512E-4 6.37638E-5 1.92879E-4 1.57032E-3 1.84687E-3 3.9412E-3 7.75291E-2
-9999 -9999 -9999 -9999 -9999 -9999 -9999 -9999 -9999 -9999 -9999 -9999 -9999 -9999 -9999 -9999 -9999 -9999 -9999 -9999 -9999 -9999 -9999 -9999 -9999 -9999 -9999 9.74317E-9 1.16265E-8 1.29095E-8 1.83205E-8 2.93878E-8 1.1412E-7 1.55937E-7 1.96941E-7 1.32471E-7 7.93596E-8 5.53286E-8 1.147E-7 2.11634E-7 4.50469E-7 7.96759E-7 1.15674E-6 2.63827E-6 5.42248E-6 2.65619E-6 1.46903E-6 4.86721E-8 3.70734E-8 2.81548E-8 1.25256E-7 3.56296E-7 1.68616E-6 7.66836E-5 1.53748E-4 1.5064E-4 7.86471E-4 2.15457E-3 2.28849E-3 3.97681E-2
-9999 -9999 -9999 -9999 -9999 -9999 -9999 -9999 -9999 -9999 -9999 -9999 -9999 -9999 -9999 -9999 -9999 -9999 -9999 -9999 -9999 -9999 -9999 -9999 -9999 -9999 -9999 4.63944E-9 8.09561E-9 1.10189E-8 1.40213E-8 2.27318E-8 1.01742E-7 1.60885E-7 2.35211E-7 2.29273E-7 1.55321E-7 2.52142E-8 4.15213E-8 8.95018E-8 3.89604E-7 1.14348E-6 1.45375E-6 2.0712E-6 2.44975E-6 2.35341E-6 2.27608E-6 3.3353E-7 3.63207E-8 2.25325E-8 1.60511E-8 1.09366E-7 4.77376E-7 1.28406E-5 2.22597E-4 1.30405E-4 1.91242E-4 6.59855E-4 9.43783E-4 3.21089E-3
-9999 -9999 -9999 -9999 -9999 -9999 -9999 -9999 -9999 -9999 -9999 -9999 -9999 -9999 -9999 -9999 -9999 -9999 -9999 -9999 -9999 -9999 -9999 -9999 -9999 -9999 -9999 -9999 3.74638E-9 8.01518E-9 1.15451E-8 1.66166E-8 4.94748E-8 1.12689E-7 2.21394E-7 2.37105E-7 6.08056E-8 2.82125E-8 2.97007E-8 4.28E-8 9.59997E-8 5.88713E-7 9.82042E-7 1.61166E-6 2.55648E-6 3.33353E-6 1.78243E-6 8.21129E-7 2.63478E-8 1.62033E-8 1.08501E-8 2.45268E-8 4.37753E-7 5.2156E-6 1.4593E-4 1.41141E-4 4.0418E-5 1.9871E-4 4.74192E-4 8.21594E-4
-9999 -9999 -9999 -9999 -9999 -9999 -9999 -9999 -9999 -9999 -9999 -9999 -9999 -9999 -9999 -9999 -9999 -9999 -9999 -9999 -9999 -9999 -9999 -9999 -9999 -9999 -9999 -9999 -9999 -9999 5.54376E-9 1.4963E-8 -9999 5.13789E-8 1.02363E-7 2.45142E-7 2.69908E-7 4.95317E-8 2.42732E-8 9.16285E-8 4.2038E-8 2.19519E-7 8.69341E-7 1.60361E-6 2.62907E-6 4.02131E-6 1.69571E-6 1.93847E-7 6.18356E-8 1.23586E-8 9.56074E-9 1.35784E-8 3.23301E-7 7.92153E-6 8.27161E-5 3.32246E-4 1.03925E-5 9.53099E-6 2.33003E-4 2.39462E-4
-9999 -9999 -9999 -9999 -9999 -9999 -9999 -9999 -9999 -9999 -9999 -9999 -9999 -9999 -9999 -9999 -9999 -9999 -9999 -9999 -9999 -9999 -9999 -9999 -9999 -9999 -9999 -9999 -9999 -9999 -9999 -9999 -9999 5.08636E-8 5.62952E-8 9.47818E-8 1.83548E-7 8.3434E-8 7.46374E-8 3.55392E-8 7.12559E-8 5.16196E-8 2.57346E-7 1.02602E-6 2.14262E-6 2.94713E-6 2.10395E-6 1.06873E-7 7.28801E-8 7.88156E-9 1.03353E-8 1.28815E-8 6.47554E-8 3.09832E-5 9.23696E-5 3.62155E-4 2.56146E-5 3.96482E-6 1.95847E-4 2.15387E-4
-9999 -9999 -9999 -9999 -9999 -9999 -9999 -9999 -9999 -9999 -9999 -9999 -9999 -9999 -9999 -9999 -9999 -9999 -9999 -9999 -9999 -9999 -9999 -9999 -9999 -9999 -9999 -9999 -9999 -9999 -9999 -9999 -9999 -9999 4.52471E-8 5.362E-8 8.86463E-8 8.33543E-8 4.73381E-8 6.08434E-8 4.33963E-8 6.4171E-8 4.96837E-8 2.60083E-7 2.39109E-6 4.04084E-6 5.83151E-6 8.01966E-7 1.15519E-7 2.22143E-8 7.72608E-9 9.30319E-9 3.24083E-8 7.85913E-6 6.17763E-5 1.61229E-4 1.7864E-4 4.3731E-6 4.34555E-5 2.40972E-4
-9999 -9999 -9999 -9999 -9999 -9999 -9999 -9999 -9999 -9999 -9999 -9999 -9999 -9999 -9999 -9999 -9999 -9999 -9999 -9999 -9999 -9999 -9999 -9999 -9999 -9999 -9999 -9999 -9999 -9999 -9999 -9999 -9999 -9999 3.65403E-8 4.55982E-8 5.74941E-8 6.31185E-8 7.48357E-8 8.17184E-8 5.72327E-8 3.16294E-8 5.81038E-8 9.65534E-8 8.02219E-7 4.29564E-6 8.8447E-6 3.59795E-6 3.14875E-7 5.02704E-8 6.54514E-9 1.01955E-8 1.90493E-8 4.46109E-6 8.56371E-5 2.63464E-4 3.03245E-4 9.94571E-6 5.93725E-6 2.7007E-4
-9999 -9999 -9999 -9999 -9999 -9999 -9999 -9999 -9999 -9999 -9999 -9999 -9999 -9999 -9999 -9999 -9999 -9999 -9999 -9999 -9999 -9999 -9999 -9999 -9999 -9999 -9999 -9999 -9999 -9999 -9999 -9999 -9999 -9999 -9999 2.81604E-8 4.25699E-8 5.38704E-8 6.16986E-8 6.989E-8 6.84019E-8 5.47223E-8 3.89143E-8 1.1802E-7 1.83412E-7 3.09263E-6 8.33206E-6 1.37474E-5 5.81034E-7 6.55921E-8 1.47852E-8 6.40246E-9 1.82393E-8 2.23918E-7 1.01978E-4 3.85015E-4 7.65873E-4 1.72262E-5 3.77483E-6 2.15727E-4
-9999 -9999 -9999 -9999 -9999 -9999 -9999 -9999 -9999 -9999 -9999 -9999 -9999 -9999 -9999 -9999 -9999 -9999 -9999 -9999 -9999 -9999 -9999 -9999 -9999 -9999 -9999 -9999 -9999 -9999 -9999 -9999 -9999 -9999 -9999 -9999 2.64105E-8 4.71927E-8 6.16655E-8 5.83645E-8 4.84239E-8 5.81586E-8 5.29345E-8 8.01003E-8 2.00881E-7 1.04458E-6 6.28618E-6 1.58707E-5 6.76373E-6 3.32337E-7 5.25453E-8 2.52775E-8 2.94467E-8 2.2402E-7 1.87058E-5 1.97953E-4 4.68298E-4 1.1685E-4 2.85733E-6 1.53088E-5
-9999 -9999 -9999 -9999 -9999 -9999 -9999 -9999 -9999 -9999 -9999 -9999 -9999 -9999 -9999 -9999 -9999 -9999 -9999 -9999 -9999 -9999 -9999 -9999 -9999 -9999 -9999 -9999 -9999 -9999 -9999 -9999 -9999 -9999 -9999 -9999 2.06188E-8 3.05585E-8 5.38048E-8 6.19763E-8 5.54961E-8 3.56718E-8 2.86927E-8 4.62118E-8 1.92263E-7 2.05726E-6 1.6962E-5 1.79541E-5 2.1987E-5 1.09138E-6 2.36923E-7 1.01826E-7 1.37014E-7 6.23083E-7 9.48903E-6 5.62895E-5 1.10902E-4 3.16789E-4 5.38948E-6 3.7534E-6
-9999 -9999 -9999 -9999 -9999 -9999 -9999 -9999 -9999 -9999 -9999 -9999 -9999 -9999 -9999 -9999 -9999 -9999 -9999 -9999 -9999 -9999 -9999 -9999 -9999 -9999 -9999 -9999 -9999 -9999 -9999 -9999 -9999 -9999 -9999 -9999 -9999 2.1309E-8 4.44361E-8 9.39358E-8 1.26786E-7 1.12617E-7 4.11114E-8 4.47439E-8 1.10412E-7 2.89255E-6 7.65441E-6 2.47274E-5 2.11812E-5 1.32262E-5 3.06601E-6 1.28667E-6 3.59663E-7 1.10371E-6 4.50061E-6 1.68634E-5 6.24887E-5 2.27532E-3 5.71836E-5 7.56995E-6
-9999 -9999 -9999 -9999 -9999 -9999 -9999 -9999 -9999 -9999 -9999 -9999 -9999 -9999 -9999 -9999 -9999 -9999 -9999 -9999 -9999 -9999 -9999 -9999 -9999 -9999 -9999 -9999 -9999 -9999 -9999 -9999 -9999 -9999 -9999 -9999 -9999 -9999 2.38087E-8 3.88967E-8 1.18345E-7 1.96783E-7 4.7861E-8 3.49543E-8 1.20934E-7 4.72232E-7 4.85414E-5 5.7624E-5 4.46433E-5 4.64115E-5 9.77394E-6 1.09575E-6 4.41062E-7 4.26053E-6 3.45225E-6 1.19047E-5 1.81151E-5 5.41517E-4 1.81323E-3 2.59668E-4
