RStudio/Xiphophorus/MaxEnt Models/Xiphophorus variatus/Xiphophorus_variatus.asc
ncols         432
nrows         590
xllcorner     -101.36634685401
yllcorner     19.040437502918
cellsize      0.008333332798
NODATA_value  -9999
[rows 270 to 296 of 590, columns 180 to 239 of 432]
7.17528E-4 5.57239E-4 5.73572E-4 5.28366E-4 2.05716E-4 2.00024E-4 1.4524E-3 3.08427E-3 5.46015E-4 1.11363E-4 5.15432E-4 3.31652E-3 2.93176E-3 9.08841E-4 3.33302E-3 2.84391E-3 1.41523E-3 8.15148E-4 2.77389E-4 1.2764E-4 1.97278E-4 6.88029E-5 3.05325E-5 2.58363E-5 1.92157E-5 2.80395E-5 1.97048E-4 2.52652E-3 3.34228E-4 3.72083E-4 3.00812E-4 7.25697E-3 1.12811E-2 6.83028E-3 7.11363E-3 1.03468E-2 9.33419E-4 4.02058E-3 3.37468E-4 1.34584E-4 9.78549E-5 2.27684E-3 1.91879E-2 3.12796E-2 4.08377E-2 1.46302E-2 4.98983E-2 5.42442E-2 5.19221E-2 3.18174E-2 1.13406E-1 1.16573E-1 1.11631E-1 8.28082E-2 4.60573E-2 4.71366E-2 5.51263E-2 1.66364E-1 1.27672E-1 5.06085E-2
6.50418E-4 6.08063E-4 6.01951E-4 6.5677E-4 5.3734E-4 2.42957E-4 1.1849E-3 2.48768E-3 1.10643E-3 1.35032E-4 1.54682E-3 1.65549E-3 5.18658E-4 7.87452E-4 1.35405E-3 3.34432E-3 1.60639E-3 3.04055E-4 2.30648E-4 3.40364E-4 6.64407E-4 2.1187E-4 3.4082E-5 3.82956E-5 6.56631E-5 9.56753E-6 4.64364E-4 1.21686E-3 6.66265E-5 1.05972E-3 8.42398E-3 1.08265E-2 3.04409E-3 1.07879E-3 1.41584E-3 1.64224E-3 7.85145E-3 6.03014E-4 2.66549E-3 1.59035E-4 1.63008E-4 6.31488E-3 4.26314E-3 4.56738E-2 5.5134E-2 7.18777E-2 4.49022E-2 8.94549E-2 1.0201E-1 5.14751E-2 1.39951E-2 2.74843E-2 4.68597E-2 1.30984E-1 1.25214E-1 2.26214E-1 7.28267E-2 1.26656E-1 3.13888E-1 3.17517E-1
6.28685E-4 6.25385E-4 6.01866E-4 6.9307E-4 6.07494E-4 2.03588E-4 1.09689E-3 3.38347E-3 3.02614E-3 4.85502E-4 3.27416E-3 5.29475E-4 1.6339E-4 2.83656E-4 9.11144E-4 9.29904E-4 1.12712E-3 3.10724E-3 3.43902E-3 5.21222E-3 1.91281E-3 2.61352E-3 2.68311E-4 7.67266E-4 4.34525E-5 1.23172E-4 1.27427E-3 1.3013E-3 2.09188E-4 4.94111E-3 9.59829E-3 6.31229E-3 1.46051E-3 1.96473E-4 1.88699E-4 6.24828E-4 4.28784E-3 1.10011E-3 9.32406E-4 2.78957E-4 2.04668E-4 5.15782E-4 4.35724E-4 2.10534E-2 3.90125E-2 4.28246E-2 4.075E-2 4.94243E-2 4.49258E-2 3.50611E-2 7.18662E-3 3.71135E-3 6.91515E-3 4.32978E-2 9.21762E-2 1.50869E-1 1.18012E-1 1.48944E-1 1.35654E-1 3.37672E-1
6.08741E-4 6.25473E-4 6.1441E-4 7.34459E-4 6.55818E-4 3.77596E-4 6.32345E-4 1.49478E-3 2.51465E-3 9.15971E-4 8.53762E-4 5.8552E-4 1.65214E-4 3.39095E-4 3.90809E-4 5.51275E-4 2.54408E-4 3.27761E-4 2.60865E-4 6.23969E-5 1.31419E-4 2.20431E-3 3.68136E-3 4.41902E-4 1.43287E-4 8.54545E-5 6.27861E-3 4.71551E-3 3.01917E-3 5.14796E-3 5.11981E-3 1.20132E-3 6.12434E-4 1.56604E-4 2.61468E-4 1.11459E-3 1.40718E-3 1.92733E-3 2.27664E-4 5.62043E-4 1.10329E-4 2.53649E-4 1.32516E-4 4.84462E-3 1.93562E-2 2.62614E-2 2.27698E-2 2.39462E-2 2.02909E-2 1.49848E-2 7.14401E-3 4.71477E-4 2.06454E-3 9.49847E-3 6.07043E-2 1.31932E-1 1.62701E-1 5.36233E-2 1.15529E-1 1.31863E-1
5.83029E-4 6.09544E-4 6.0349E-4 6.60864E-4 6.90572E-4 4.12808E-4 1.69518E-4 8.09902E-4 9.99375E-4 1.23646E-4 2.04032E-4 2.8018E-4 3.18354E-4 2.05559E-4 1.26337E-4 1.08207E-4 1.24452E-4 3.0899E-4 1.40308E-4 3.88942E-5 3.52692E-5 1.28985E-4 7.03109E-4 7.12907E-4 3.6745E-4 7.429E-4 3.39088E-3 1.65647E-4 8.59385E-5 3.24769E-4 2.72233E-3 4.72316E-4 7.78801E-5 4.66314E-5 6.09559E-5 1.03894E-4 1.61333E-4 5.17986E-4 1.65634E-4 4.94327E-4 1.04673E-4 1.56727E-4 9.72643E-5 1.89707E-3 7.0785E-3 1.77297E-2 1.94126E-2 5.91916E-3 1.17731E-3 1.96986E-3 8.25999E-3 5.98516E-4 5.70669E-4 8.65451E-3 2.80957E-2 1.31214E-1 1.46918E-1 1.13888E-1 4.493E-2 6.22589E-2
5.62066E-4 5.86766E-4 5.70358E-4 5.95951E-4 7.19503E-4 5.30419E-4 1.98423E-4 4.12569E-4 6.37243E-4 1.32083E-4 1.22253E-4 2.68472E-4 2.97003E-4 1.54218E-4 4.58045E-5 6.82155E-5 9.59888E-5 1.30175E-4 5.3273E-5 3.12465E-5 1.18322E-4 1.36083E-4 8.92986E-5 6.91104E-4 2.02269E-3 3.0292E-4 6.19505E-3 2.30821E-4 2.95075E-5 6.97291E-5 1.86401E-4 6.42994E-4 8.73663E-5 1.98129E-5 1.80228E-5 3.05216E-5 5.26358E-5 7.91259E-5 2.1258E-4 2.92316E-4 1.69648E-4 5.0808E-5 6.84432E-5 4.44364E-4 1.91502E-3 6.57748E-3 5.39635E-3 2.1291E-3 4.57502E-4 2.93746E-4 9.37365E-4 9.82444E-4 4.17512E-3 2.58179E-3 1.21826E-2 3.30723E-2 1.16204E-1 1.00458E-1 5.43621E-2 1.97781E-2
5.35719E-4 5.85656E-4 5.47282E-4 5.38892E-4 6.31711E-4 6.22281E-4 3.8005E-4 6.49208E-4 1.20946E-3 5.20108E-4 3.99299E-4 3.69066E-4 2.09758E-4 4.31712E-5 1.1687E-5 9.79745E-6 1.53278E-5 3.43287E-5 5.23105E-5 1.10947E-5 9.92395E-6 1.13582E-5 6.50024E-6 6.13014E-5 2.85895E-3 1.11286E-3 2.60492E-3 2.26163E-4 3.04968E-5 2.06001E-5 5.67376E-5 3.07145E-4 1.17582E-4 1.92306E-5 1.20281E-5 1.82825E-5 4.93744E-5 4.35099E-5 1.00401E-4 1.58854E-4 1.39886E-4 8.23741E-5 2.55813E-5 5.06269E-5 5.51986E-4 2.07525E-3 1.78112E-3 7.83935E-4 4.49998E-4 1.51411E-4 1.47172E-4 2.76506E-4 2.26771E-3 1.81602E-2 1.45246E-2 1.85864E-2 2.94545E-2 4.22745E-2 4.50655E-2 2.8135E-2
4.95101E-4 5.39449E-4 5.26281E-4 5.2585E-4 6.0963E-4 7.37176E-4 7.88489E-4 7.93428E-4 9.87768E-4 8.10244E-4 6.63963E-4 4.86554E-4 3.01441E-4 1.37232E-4 2.37385E-5 5.11818E-6 6.8038E-6 1.57488E-5 1.69601E-5 6.52273E-6 3.76716E-6 1.9077E-6 4.02799E-6 2.17204E-4 6.02731E-4 3.48706E-4 3.45388E-4 6.18419E-4 3.76887E-5 1.62276E-5 1.828E-5 7.91866E-5 7.89548E-5 2.47418E-5 2.88736E-5 1.71226E-5 2.44372E-5 5.98037E-5 4.68396E-5 1.27263E-4 3.5004E-5 3.25533E-5 1.50035E-5 2.11903E-5 1.17009E-4 2.74965E-4 1.86575E-4 3.08201E-4 3.11243E-4 2.7144E-4 1.38579E-4 8.32095E-4 8.7063E-4 5.93199E-3 1.65058E-2 1.55057E-2 1.55762E-2 4.0214E-2 4.95004E-2 3.28045E-2
4.61042E-4 4.86957E-4 5.12813E-4 5.2697E-4 5.87499E-4 6.78235E-4 7.40017E-4 7.84354E-4 7.59277E-4 7.77051E-4 6.69822E-4 5.95947E-4 3.99169E-4 2.7463E-4 1.65192E-4 1.14453E-4 4.7927E-5 4.23024E-5 3.35547E-5 1.66582E-5 6.65534E-6 6.91555E-6 3.72254E-5 2.29544E-5 1.0477E-5 2.76607E-5 7.44523E-5 1.33336E-4 4.22478E-5 2.42479E-5 2.18994E-5 2.3344E-5 5.92275E-5 7.57464E-5 4.91099E-5 5.20002E-5 2.45833E-5 3.0827E-5 3.84324E-5 9.84957E-5 4.31677E-5 3.58674E-5 3.26831E-5 3.45326E-5 5.26634E-5 1.1736E-4 1.2449E-4 4.42347E-4 1.75312E-3 3.6444E-4 4.31211E-4 1.17118E-3 1.57134E-3 7.42275E-3 1.4761E-2 5.74308E-3 3.36788E-2 4.24577E-2 4.77824E-2 4.26462E-2
4.04652E-4 4.14536E-4 4.40267E-4 4.87705E-4 5.49387E-4 5.82592E-4 5.96405E-4 5.87741E-4 5.69235E-4 5.5369E-4 5.87858E-4 5.82245E-4 5.35714E-4 3.60355E-4 2.49483E-4 2.19083E-4 1.1248E-4 8.42053E-5 9.36548E-5 8.54706E-5 6.85967E-5 2.71294E-5 1.63552E-5 1.26911E-6 1.24894E-6 2.58016E-5 2.63039E-5 8.79041E-6 1.76174E-5 3.54068E-5 6.30963E-5 6.22276E-5 7.56436E-5 1.13756E-4 1.24079E-4 8.02933E-5 4.28354E-5 4.82793E-5 6.15847E-5 5.75554E-5 4.8988E-5 3.22567E-5 3.1248E-5 3.00926E-5 1.3943E-4 7.90513E-4 3.78212E-4 2.11903E-3 1.69969E-3 2.94767E-3 4.32589E-4 1.54682E-3 8.00089E-3 4.68469E-3 1.83962E-2 1.32692E-2 3.02574E-2 4.36105E-2 4.18772E-2 4.05947E-2
3.57816E-4 3.80713E-4 4.08677E-4 4.67487E-4 4.47243E-4 4.57597E-4 4.6205E-4 4.50546E-4 4.27989E-4 4.08507E-4 4.07643E-4 3.98629E-4 3.54435E-4 3.20444E-4 2.48479E-4 1.71502E-4 1.26078E-4 1.11699E-4 1.17791E-4 8.84466E-5 7.14749E-5 5.75272E-5 2.56117E-5 3.93416E-6 1.71197E-6 1.54356E-6 9.62523E-6 3.30055E-6 1.03053E-5 3.56527E-5 4.27958E-5 1.55266E-4 1.17385E-4 6.4178E-5 1.20655E-4 1.17724E-4 7.18462E-5 8.28845E-5 8.55468E-5 6.03607E-5 4.397E-5 2.68856E-5 2.93807E-5 1.13328E-4 8.00571E-5 1.49681E-4 8.40246E-4 1.45707E-4 1.11458E-4 3.81011E-4 2.11073E-4 1.44296E-4 6.80243E-4 8.42689E-3 4.48527E-3 1.4743E-2 1.4214E-2 3.73313E-2 4.36633E-2 3.49676E-2
3.3107E-4 3.55441E-4 3.86026E-4 3.77635E-4 3.5553E-4 3.67923E-4 3.60307E-4 3.50607E-4 3.26937E-4 3.06396E-4 2.88859E-4 2.31491E-4 2.16259E-4 1.86796E-4 1.71007E-4 1.32152E-4 1.0796E-4 1.07501E-4 1.02778E-4 8.71898E-5 7.40217E-5 6.89717E-5 6.18408E-5 1.44893E-5 4.47528E-6 1.58427E-6 4.10443E-6 3.09519E-6 1.30015E-5 2.54633E-5 2.34472E-5 4.31885E-5 1.23961E-4 1.45943E-4 6.25683E-5 1.25188E-4 9.47706E-5 1.33376E-4 7.56633E-5 5.9092E-5 4.06405E-5 2.42581E-5 3.05359E-5 4.30093E-5 2.90099E-5 3.43775E-4 1.57359E-4 3.17059E-5 3.03378E-5 1.2665E-4 4.74027E-4 1.30317E-4 3.49148E-4 2.30076E-3 1.72998E-3 4.03287E-3 4.64709E-3 1.72303E-2 4.60734E-2 3.89986E-2
2.94911E-4 3.24443E-4 3.36461E-4 3.08867E-4 2.95659E-4 3.00228E-4 2.86237E-4 2.77923E-4 2.48263E-4 2.34408E-4 2.131E-4 1.62438E-4 1.44584E-4 1.24198E-4 9.75086E-5 9.16998E-5 1.01057E-4 9.97816E-5 9.09813E-5 6.09068E-5 7.56066E-5 7.42279E-5 5.73402E-5 3.86361E-5 9.51203E-6 3.3961E-6 8.93937E-6 1.26589E-5 1.26356E-5 2.12947E-5 1.0452E-5 7.04738E-6 9.5146E-5 2.35367E-4 9.25434E-5 3.53782E-5 8.92587E-5 9.34834E-5 6.97288E-5 5.30256E-5 3.6347E-5 2.29642E-5 2.19231E-5 2.23942E-5 4.65251E-5 8.44092E-5 8.75642E-5 4.715E-5 2.66353E-5 5.02262E-5 9.32789E-5 4.31041E-4 2.02841E-4 6.30496E-4 1.08638E-3 4.0046E-3 3.52828E-3 1.10258E-2 2.90013E-2 7.82056E-2
2.49129E-4 2.76339E-4 2.73357E-4 2.51209E-4 2.4436E-4 2.30574E-4 2.19583E-4 1.96138E-4 1.75417E-4 1.93273E-4 1.9524E-4 1.77123E-4 1.40893E-4 1.12363E-4 8.45893E-5 9.95005E-5 1.13946E-4 1.1323E-4 1.06145E-4 1.01333E-4 9.81792E-5 9.32921E-5 8.15231E-5 6.19409E-5 1.92518E-5 5.03488E-6 7.46201E-6 1.60955E-5 2.25504E-5 2.05224E-5 7.0741E-6 6.25338E-6 3.06906E-5 3.05248E-4 2.47176E-4 1.48775E-4 2.23841E-4 5.10711E-5 8.90663E-5 2.91777E-5 3.21679E-5 1.7112E-5 8.05944E-6 8.67005E-6 3.56685E-5 9.21111E-5 7.7865E-5 8.54349E-5 3.55012E-5 5.65891E-5 5.07342E-4 1.49606E-3 1.0265E-3 2.71343E-4 2.35247E-3 2.56421E-3 3.81625E-3 8.78831E-3 1.35441E-2 4.39902E-2
2.09918E-4 2.44229E-4 2.21646E-4 2.10344E-4 2.03034E-4 1.84284E-4 1.94559E-4 1.99915E-4 1.64627E-4 1.92835E-4 1.76891E-4 1.84128E-4 1.46275E-4 1.17606E-4 9.80128E-5 1.10733E-4 1.29363E-4 1.38135E-4 1.33147E-4 1.44198E-4 1.66051E-4 1.12163E-4 1.04332E-4 5.79873E-5 4.80003E-5 1.60873E-5 3.68991E-6 4.8513E-6 1.1167E-5 1.87313E-5 1.8159E-5 9.51907E-6 1.10394E-5 1.77474E-4 3.01729E-4 2.10933E-4 2.49713E-4 9.7181E-5 1.20137E-4 3.28401E-5 9.41537E-6 1.27837E-5 5.85975E-6 2.82197E-6 8.71121E-6 2.496E-5 7.94719E-5 9.74838E-5 1.23498E-4 3.62779E-5 1.43442E-4 3.66001E-3 1.5017E-3 4.36643E-3 1.08771E-3 3.71471E-3 3.97307E-3 4.28545E-3 3.02348E-2 3.2677E-2
1.82238E-4 2.07335E-4 1.78115E-4 1.76469E-4 1.86618E-4 9.87018E-5 7.95234E-5 1.95478E-4 1.78255E-4 1.6378E-4 1.48167E-4 1.53439E-4 1.41159E-4 1.10625E-4 9.67434E-5 1.15778E-4 1.46791E-4 1.69891E-4 1.99234E-4 1.59677E-4 2.16232E-4 1.84587E-4 1.19506E-4 7.61171E-5 6.88684E-5 2.12199E-5 1.16024E-5 1.60297E-6 2.40944E-6 2.48082E-5 4.81401E-5 5.41045E-5 1.05356E-5 2.31715E-5 1.54366E-4 4.28173E-4 2.09917E-4 1.36186E-4 6.95805E-5 6.62111E-5 3.27099E-5 2.56201E-5 1.06808E-5 6.00633E-6 2.9897E-6 7.46134E-6 1.16786E-5 2.36238E-5 9.74483E-5 2.53001E-4 2.65735E-4 8.29764E-4 1.82313E-3 1.01337E-2 1.22715E-2 1.51055E-2 4.11109E-3 6.88082E-3 5.17453E-2 3.4148E-2
1.84532E-4 1.80599E-4 1.39813E-4 1.21488E-4 1.70988E-4 8.24987E-5 3.4139E-5 1.17867E-4 1.13714E-4 1.3815E-4 1.29696E-4 1.49518E-4 1.34721E-4 1.13811E-4 1.16483E-4 1.43893E-4 1.69385E-4 1.96419E-4 2.26401E-4 2.37276E-4 2.28736E-4 2.51437E-4 1.39114E-4 7.77802E-5 7.31953E-5 2.96397E-5 2.59296E-5 1.36079E-5 1.01446E-5 7.09385E-6 5.33487E-5 1.01348E-4 9.91153E-5 8.26024E-5 2.25839E-4 3.0271E-4 2.00238E-4 1.95133E-4 1.86167E-4 8.51574E-5 2.22617E-5 5.52991E-6 3.52712E-6 5.1447E-6 4.28746E-6 4.46574E-6 1.94313E-5 7.52669E-5 2.27195E-4 4.03661E-4 2.53553E-4 2.61417E-3 9.27406E-4 9.88898E-4 4.23489E-3 1.05491E-2 4.4309E-2 3.2468E-2 4.23474E-2 9.66726E-2
1.89189E-4 1.80775E-4 8.67126E-5 5.04731E-5 1.34346E-4 5.14944E-5 5.22424E-5 9.49377E-5 3.91278E-5 1.06807E-4 1.05996E-4 1.4876E-4 1.61485E-4 1.42339E-4 1.21359E-4 1.4983E-4 1.62649E-4 1.85649E-4 2.52763E-4 3.20277E-4 2.33585E-4 3.21618E-4 2.55817E-4 8.35846E-5 8.54759E-5 7.10314E-5 6.63537E-5 6.2168E-5 3.56166E-5 2.42235E-5 5.97651E-5 1.29484E-4 5.23662E-5 3.66516E-5 1.09005E-4 3.71501E-4 3.16723E-4 6.34394E-4 1.76481E-4 9.64632E-5 3.67391E-5 8.94404E-6 4.0844E-6 1.1099E-5 9.05296E-6 1.61181E-5 2.61057E-5 6.31181E-5 1.47434E-4 2.47531E-4 4.40983E-4 6.862E-4 9.09895E-4 1.03133E-3 3.02519E-3 3.93799E-3 9.67328E-3 4.10585E-2 5.22041E-2 1.46458E-2
1.99993E-4 1.20294E-4 2.46302E-5 2.58524E-5 1.19972E-4 3.74955E-5 6.41126E-6 9.68669E-6 8.95308E-6 6.57726E-5 4.47099E-5 1.16541E-4 1.40335E-4 1.72851E-4 1.33765E-4 1.60815E-4 1.24167E-4 1.53963E-4 2.58322E-4 3.06762E-4 3.99996E-4 3.51515E-4 3.36285E-4 1.70303E-4 4.15439E-5 5.60528E-5 4.35065E-5 8.0092E-5 7.89818E-5 6.42618E-5 6.24549E-5 1.45983E-4 1.38895E-4 1.01312E-4 2.57472E-4 1.35926E-4 9.82882E-5 1.39535E-4 1.9047E-4 7.18181E-4 8.51636E-5 9.94953E-6 1.084E-5 1.22202E-5 8.50084E-6 2.33541E-5 3.11743E-5 6.74396E-5 3.78582E-5 1.69391E-4 5.11423E-4 8.39175E-4 2.89665E-3 3.20981E-3 3.55588E-3 1.35026E-2 1.15931E-2 1.07032E-2 5.31053E-2 6.85677E-2
1.24021E-4 4.31355E-5 1.2738E-5 3.57611E-5 3.76105E-5 9.85895E-5 2.12029E-5 3.1399E-5 2.96926E-5 8.34975E-6 1.08829E-6 3.59747E-5 1.79692E-4 2.37511E-4 1.64842E-4 1.83433E-4 1.35334E-4 6.75921E-5 2.40368E-4 3.69341E-4 4.32151E-4 4.74903E-4 3.85795E-4 2.43578E-4 7.08854E-5 2.88467E-5 3.11834E-5 6.33528E-5 9.8883E-5 1.19868E-4 1.01084E-4 1.48092E-4 1.90941E-4 1.80671E-4 1.54594E-4 9.35181E-5 3.32012E-5 8.82088E-5 1.33592E-4 2.14902E-4 4.32768E-4 1.00592E-4 4.8869E-5 2.95164E-5 1.85972E-5 2.30875E-5 3.75616E-5 3.66658E-5 1.88413E-5 7.00549E-5 2.12214E-4 1.59188E-3 2.86448E-3 1.1494E-2 6.33768E-3 4.57427E-3 1.82327E-3 1.88621E-2 7.02978E-2 2.60425E-2
4.27361E-5 7.29869E-5 2.84262E-5 1.86383E-5 1.43412E-5 4.12507E-5 1.80316E-5 1.07948E-5 6.91659E-6 9.29215E-7 4.47438E-7 1.56666E-5 8.96658E-5 1.15934E-3 7.43324E-4 1.8982E-4 1.17472E-4 7.91033E-5 8.57437E-5 4.31261E-4 4.56652E-4 5.66308E-4 3.97014E-4 2.64551E-4 1.12241E-4 3.66122E-5 1.60202E-5 3.202E-5 7.37997E-5 9.71471E-5 1.20113E-4 1.65576E-4 1.72843E-4 1.8904E-4 1.65571E-4 1.16125E-4 7.01208E-5 6.15983E-5 8.69008E-5 1.07963E-4 3.5519E-4 1.40334E-3 2.04123E-4 1.96437E-4 1.1743E-4 2.79666E-5 4.51894E-5 6.39782E-5 1.64392E-4 4.39738E-5 8.48061E-5 9.00211E-4 8.53376E-3 8.75924E-3 1.96798E-2 1.05335E-2 5.74775E-3 1.11667E-2 6.0346E-2 1.94965E-2
2.64844E-5 2.75839E-5 1.50262E-5 3.08534E-6 7.47439E-6 4.00711E-6 1.33575E-5 6.81034E-6 7.26162E-6 2.07767E-7 8.51447E-8 7.5183E-6 5.29963E-5 1.72291E-3 3.132E-3 9.07596E-4 3.55984E-4 8.60048E-5 2.36791E-5 2.23839E-4 4.78264E-4 7.40656E-4 4.11326E-4 2.23673E-4 2.94754E-4 3.77734E-5 1.57631E-5 2.29225E-5 3.17269E-5 3.63559E-5 6.37354E-5 1.67582E-4 1.7978E-4 1.55823E-4 9.39294E-5 1.74171E-4 3.18745E-4 8.56382E-5 2.13333E-4 5.27255E-4 1.25893E-4 2.36584E-4 2.86961E-3 9.52838E-4 6.8421E-4 3.10601E-4 5.15424E-5 1.03475E-4 9.15535E-5 1.1975E-3 2.23993E-4 5.1201E-4 3.15504E-3 1.79697E-2 6.45974E-2 2.58729E-2 1.8876E-2 6.21417E-2 1.36083E-1 1.44571E-2
3.09269E-6 3.94536E-6 1.62694E-5 5.30832E-7 3.76721E-6 7.83786E-7 1.34588E-6 6.7075E-6 6.37361E-6 7.95411E-6 1.33227E-5 2.35206E-5 1.54135E-4 1.64008E-2 7.98482E-3 7.00602E-3 1.6271E-3 1.55905E-4 1.75735E-5 5.67485E-5 4.24947E-4 6.89545E-4 1.48517E-3 2.98506E-4 7.27314E-4 9.48368E-5 2.83678E-5 3.76535E-5 1.30403E-5 3.23196E-5 2.83714E-5 1.68195E-4 1.74244E-4 1.48638E-4 1.05632E-4 7.59645E-5 1.01827E-4 2.34222E-4 8.56443E-5 6.38983E-5 1.02362E-3 1.59077E-3 8.974E-4 1.67483E-3 1.86354E-3 3.97147E-4 5.63112E-5 5.9578E-5 1.68975E-4 6.8789E-4 2.5404E-3 1.00679E-4 7.92271E-4 9.39413E-3 4.90505E-2 8.47666E-2 4.31397E-2 6.53116E-2 5.72988E-2 1.38405E-1
6.64718E-7 8.73619E-6 1.008E-6 1.44252E-7 3.85414E-7 9.03762E-7 3.52018E-6 6.51667E-7 7.10195E-6 7.71321E-7 2.5997E-6 3.74989E-4 1.13636E-2 9.54644E-4 9.9937E-4 1.92336E-2 1.55176E-2 4.92413E-4 1.39925E-4 2.11445E-5 3.29903E-4 1.42865E-3 3.35537E-3 2.00787E-3 3.03682E-4 5.80737E-4 1.09248E-4 5.60811E-5 1.45262E-5 1.62928E-5 3.41493E-5 9.54806E-5 1.61581E-4 1.59716E-4 1.26264E-4 7.76038E-5 8.22521E-5 7.94385E-5 1.3448E-4 1.19982E-4 4.29966E-5 2.07087E-4 9.83143E-4 6.93155E-3 1.50351E-3 6.67444E-4 2.09558E-4 3.77909E-5 9.82836E-5 7.77242E-4 2.91563E-3 3.13182E-3 8.92362E-4 7.05029E-4 7.07272E-3 7.07765E-2 1.17668E-1 5.07196E-2 6.00969E-2 1.45692E-1
2.23971E-6 2.9933E-7 4.31452E-7 2.86218E-7 9.39569E-8 3.28782E-7 5.72965E-7 9.96333E-6 5.88069E-5 1.34295E-6 6.50716E-4 3.43325E-3 1.17346E-4 2.4588E-5 4.058E-4 6.54051E-3 1.39971E-2 5.25824E-3 8.12636E-4 1.30602E-4 1.3394E-4 4.4933E-3 6.75754E-3 4.11534E-3 2.06963E-3 4.48723E-4 1.51189E-4 6.17542E-5 1.54259E-5 1.44187E-5 1.48585E-5 2.63341E-5 6.92407E-5 1.00712E-4 1.25254E-4 9.33258E-5 6.17941E-5 5.11126E-5 1.25592E-4 1.4372E-4 7.44513E-5 2.0524E-4 1.54209E-3 2.79063E-3 8.81342E-4 2.66884E-4 1.96845E-4 4.13076E-5 4.20665E-5 3.78807E-4 2.68915E-3 2.54629E-2 1.34874E-2 2.12734E-3 1.26614E-3 9.41873E-3 6.68129E-2 1.03346E-1 4.80113E-2 1.60054E-1
2.25705E-7 1.16128E-7 2.99384E-6 3.27079E-7 2.09965E-7 1.55971E-7 2.30336E-6 2.97785E-5 3.38204E-5 6.32212E-4 4.583E-3 9.07414E-4 1.24867E-5 5.195E-6 9.30715E-5 8.45947E-4 3.80615E-3 1.11303E-2 8.75434E-3 1.95177E-3 1.97151E-3 1.14164E-2 1.30798E-2 5.21742E-3 3.27225E-3 1.88205E-3 7.61924E-4 1.00964E-4 4.93734E-5 1.89411E-5 8.87432E-6 4.0136E-6 1.10571E-5 4.65869E-5 5.10164E-5 6.93402E-5 6.59042E-5 4.42439E-5 4.03026E-5 1.3187E-4 1.42474E-4 2.15324E-4 8.82152E-4 8.91891E-3 2.85632E-4 3.18782E-4 1.86691E-4 1.51566E-4 5.16569E-4 2.69761E-4 4.37946E-4 7.4608E-3 3.79609E-2 3.31712E-2 7.00931E-3 2.09778E-3 3.3739E-2 1.47325E-1 1.02112E-2 1.58188E-2
5.18299E-8 7.92146E-8 1.08286E-6 4.16937E-6 1.02764E-5 4.22022E-6 8.01696E-6 2.16273E-4 1.36439E-3 6.23964E-4 2.38841E-4 9.35754E-4 4.34939E-5 8.14276E-7 2.42114E-5 6.92193E-5 3.02982E-4 1.52376E-3 3.61807E-3 1.39404E-2 1.34815E-2 1.28164E-2 1.23262E-3 1.35422E-2 4.91493E-3 3.78292E-3 2.05041E-3 4.16539E-4 4.14828E-4 9.62432E-5 2.41457E-5 1.77585E-6 2.43013E-6 1.31646E-5 2.41399E-5 2.81188E-5 4.33459E-5 4.08383E-5 4.38838E-5 4.32478E-5 5.50224E-5 2.10638E-4 1.98011E-4 1.07931E-3 4.24547E-3 3.48837E-3 9.41011E-4 1.38442E-4 2.80783E-4 1.13847E-3 1.56404E-3 1.37632E-3 2.29644E-3 3.37573E-2 4.55519E-2 4.4432E-4 5.1453E-3 7.53091E-2 6.69915E-2 8.88598E-3
