RStudio/Xiphophorus/MaxEnt Models/Xiphophorus cortezi/Xiphophorus_cortezi.asc
ncols         432
nrows         590
xllcorner     -101.36634685401
yllcorner     19.040437502918
cellsize      0.008333332798
NODATA_value  -9999
[rows 135 to 161 of 590, columns 183 to 243 of 432]
-9999 -9999 -9999 -9999 -9999 -9999 -9999 -9999 -9999 -9999 -9999 -9999 -9999 -9999 -9999 -9999 -9999 -9999 -9999 -9999 -9999 -9999 -9999 -9999 -9999 4.90233E-2 4.95313E-2 4.68184E-2 4.92838E-2 6.10044E-2 6.61724E-2 6.39499E-2 6.59129E-2 7.02734E-2 7.30491E-2 7.82823E-2 8.90506E-2 8.13748E-2 8.53213E-2 1.45413E-1 1.40632E-1 1.19476E-1 1.08811E-1 1.08086E-1 1.06866E-1 1.05969E-1 1.06589E-1 1.10562E-1 1.10676E-1 1.35393E-1 1.28658E-1 1.10272E-1 9.10732E-2 8.88399E-2 8.71805E-2 8.57283E-2 8.21686E-2 8.14463E-2 8.29429E-2 8.39904E-2 8.27029E-2
-9999 -9999 -9999 -9999 -9999 -9999 -9999 -9999 -9999 -9999 -9999 -9999 -9999 -9999 -9999 -9999 -9999 -9999 -9999 -9999 -9999 -9999 -9999 -9999 -9999 4.31529E-2 4.76972E-2 4.765E-2 4.9027E-2 6.28751E-2 6.6681E-2 6.40102E-2 5.8575E-2 6.86774E-2 7.16388E-2 7.16799E-2 8.97307E-2 8.52937E-2 8.0978E-2 1.20692E-1 1.50419E-1 1.1039E-1 1.11798E-1 1.10887E-1 1.08605E-1 1.07483E-1 1.08765E-1 1.12183E-1 1.10973E-1 1.17353E-1 1.32623E-1 1.32265E-1 9.64633E-2 9.25792E-2 8.79147E-2 8.57546E-2 8.28484E-2 8.00405E-2 7.97407E-2 8.03137E-2 8.02004E-2
-9999 -9999 -9999 -9999 -9999 -9999 -9999 -9999 -9999 -9999 -9999 -9999 -9999 -9999 -9999 -9999 -9999 -9999 -9999 -9999 -9999 -9999 -9999 -9999 -9999 -9999 4.83849E-2 4.92353E-2 4.80093E-2 6.33034E-2 6.71371E-2 6.40557E-2 6.57628E-2 6.62591E-2 7.22003E-2 7.08451E-2 8.06918E-2 8.54633E-2 8.38894E-2 1.05146E-1 1.91827E-1 1.2688E-1 1.14731E-1 1.1332E-1 1.11048E-1 1.08793E-1 1.09009E-1 1.10287E-1 1.1137E-1 1.15E-1 1.27228E-1 1.45157E-1 1.24937E-1 9.9631E-2 9.25982E-2 8.73439E-2 8.24075E-2 7.99452E-2 7.92191E-2 7.93516E-2 7.87458E-2
-9999 -9999 -9999 -9999 -9999 -9999 -9999 -9999 -9999 -9999 -9999 -9999 -9999 -9999 -9999 -9999 -9999 -9999 -9999 -9999 -9999 -9999 -9999 -9999 -9999 -9999 4.72169E-2 4.72468E-2 4.77752E-2 6.37685E-2 6.7111E-2 7.13792E-2 6.57487E-2 5.5393E-2 7.24693E-2 7.19903E-2 7.64515E-2 9.86407E-2 1.01601E-1 1.10424E-1 1.64395E-1 1.75826E-1 1.2202E-1 1.15931E-1 1.12476E-1 1.14202E-1 1.1607E-1 1.13158E-1 1.12809E-1 1.13873E-1 1.16645E-1 1.26355E-1 1.38465E-1 1.05508E-1 9.74665E-2 9.26214E-2 8.64207E-2 8.08343E-2 7.99986E-2 7.79554E-2 7.54962E-2
-9999 -9999 -9999 -9999 -9999 -9999 -9999 -9999 -9999 -9999 -9999 -9999 -9999 -9999 -9999 -9999 -9999 -9999 -9999 -9999 -9999 -9999 -9999 -9999 -9999 -9999 -9999 5.16503E-2 5.07022E-2 6.36373E-2 6.71338E-2 6.55622E-2 6.02993E-2 5.16409E-2 6.73945E-2 6.90501E-2 8.094E-2 1.11573E-1 1.18377E-1 1.08875E-1 1.41154E-1 1.86392E-1 1.33016E-1 1.19068E-1 1.15268E-1 1.1807E-1 1.22302E-1 1.18214E-1 1.15704E-1 1.14913E-1 1.14921E-1 1.16131E-1 1.14539E-1 1.03495E-1 1.01289E-1 9.61065E-2 9.15628E-2 8.67438E-2 8.28813E-2 8.00049E-2 7.7293E-2
-9999 -9999 -9999 -9999 -9999 -9999 -9999 -9999 -9999 -9999 -9999 -9999 -9999 -9999 -9999 -9999 -9999 -9999 -9999 -9999 -9999 -9999 -9999 -9999 -9999 -9999 4.38054E-2 4.70999E-2 5.11237E-2 6.36989E-2 6.71203E-2 7.06873E-2 6.50439E-2 5.05114E-2 6.37912E-2 6.86103E-2 8.15264E-2 1.13506E-1 1.15956E-1 1.05016E-1 1.14692E-1 1.59919E-1 1.72346E-1 1.23996E-1 1.19224E-1 1.17099E-1 1.23234E-1 1.28488E-1 1.21872E-1 1.17796E-1 1.11297E-1 1.07626E-1 1.07641E-1 1.07687E-1 1.05546E-1 9.81581E-2 9.39197E-2 8.79028E-2 8.35159E-2 8.07145E-2 7.86099E-2
-9999 -9999 -9999 -9999 -9999 -9999 -9999 -9999 -9999 -9999 -9999 -9999 -9999 -9999 -9999 -9999 -9999 -9999 -9999 -9999 -9999 -9999 -9999 -9999 -9999 4.6779E-2 4.65692E-2 4.70155E-2 4.95238E-2 6.34139E-2 6.7151E-2 6.70669E-2 6.25796E-2 5.59882E-2 6.53161E-2 6.61705E-2 8.18117E-2 1.15005E-1 1.10691E-1 9.24084E-2 9.30433E-2 1.49793E-1 2.34688E-1 1.25394E-1 1.22606E-1 1.19475E-1 1.23539E-1 1.38409E-1 1.26435E-1 1.19499E-1 1.08161E-1 1.0763E-1 1.0716E-1 1.06724E-1 1.07949E-1 1.00419E-1 9.53625E-2 9.02313E-2 8.40396E-2 8.09256E-2 7.90989E-2
-9999 -9999 -9999 -9999 -9999 -9999 -9999 -9999 -9999 -9999 -9999 -9999 -9999 -9999 -9999 -9999 -9999 -9999 -9999 -9999 -9999 -9999 -9999 -9999 -9999 4.58752E-2 4.50066E-2 4.44458E-2 4.95728E-2 6.15952E-2 6.04606E-2 5.75687E-2 6.45318E-2 5.24603E-2 5.40864E-2 7.04293E-2 8.25028E-2 1.16716E-1 1.16431E-1 9.34893E-2 7.72446E-2 1.12999E-1 1.80392E-1 1.31055E-1 1.25907E-1 1.23089E-1 1.22155E-1 1.24519E-1 1.24515E-1 1.22432E-1 1.12242E-1 1.1123E-1 1.05868E-1 1.05087E-1 1.07883E-1 1.0325E-1 9.88079E-2 9.05997E-2 8.43966E-2 8.09466E-2 8.00529E-2
-9999 -9999 -9999 -9999 -9999 -9999 -9999 -9999 -9999 -9999 -9999 -9999 -9999 -9999 -9999 -9999 -9999 -9999 -9999 -9999 -9999 -9999 -9999 -9999 -9999 4.20961E-2 4.11945E-2 4.56611E-2 4.90208E-2 5.79112E-2 6.07215E-2 5.96374E-2 6.87598E-2 7.22421E-2 5.25065E-2 6.7346E-2 9.25227E-2 1.06256E-1 1.03079E-1 9.37433E-2 6.1764E-2 1.00137E-1 1.4181E-1 1.44166E-1 1.25409E-1 1.26805E-1 1.24722E-1 1.22408E-1 1.20521E-1 1.14924E-1 1.14305E-1 1.1197E-1 1.06538E-1 1.04636E-1 1.05553E-1 1.03553E-1 1.0094E-1 9.52141E-2 9.16923E-2 8.31053E-2 8.08785E-2
-9999 -9999 -9999 -9999 -9999 -9999 -9999 -9999 -9999 -9999 -9999 -9999 -9999 -9999 -9999 -9999 -9999 -9999 -9999 -9999 -9999 -9999 -9999 -9999 3.91399E-2 4.19047E-2 4.45934E-2 4.69627E-2 5.2128E-2 6.18545E-2 5.76764E-2 4.94264E-2 6.63809E-2 6.64086E-2 4.81327E-2 5.53013E-2 7.98322E-2 1.11454E-1 1.32127E-1 9.14558E-2 7.95024E-2 7.48518E-2 1.53188E-1 2.06078E-1 1.24865E-1 1.25964E-1 1.27068E-1 1.23993E-1 1.16687E-1 1.16338E-1 1.15328E-1 1.11284E-1 1.06948E-1 1.04266E-1 1.03633E-1 1.03149E-1 1.01248E-1 9.78797E-2 9.62279E-2 8.68776E-2 8.29343E-2
-9999 -9999 -9999 -9999 -9999 -9999 -9999 -9999 -9999 -9999 -9999 -9999 -9999 -9999 -9999 -9999 -9999 -9999 -9999 -9999 -9999 -9999 -9999 -9999 -9999 4.19179E-2 4.26333E-2 4.85491E-2 5.279E-2 6.49123E-2 6.33459E-2 6.32112E-2 5.66354E-2 6.16149E-2 4.88359E-2 5.07057E-2 6.24027E-2 7.34945E-2 8.852E-2 1.58274E-1 1.21671E-1 6.78951E-2 9.93262E-2 2.02829E-1 1.55968E-1 1.27287E-1 1.26524E-1 1.14621E-1 1.16075E-1 1.16935E-1 1.14359E-1 1.10177E-1 1.07639E-1 1.05179E-1 1.00885E-1 9.94028E-2 9.46382E-2 9.15707E-2 8.76184E-2 8.49606E-2 8.31914E-2
-9999 -9999 -9999 -9999 -9999 -9999 -9999 -9999 -9999 -9999 -9999 -9999 -9999 -9999 -9999 -9999 -9999 -9999 -9999 -9999 -9999 -9999 -9999 -9999 -9999 4.2165E-2 4.38649E-2 5.05678E-2 5.50849E-2 6.63845E-2 6.80565E-2 6.48713E-2 4.91689E-2 4.85324E-2 5.00866E-2 4.51699E-2 6.26507E-2 7.31647E-2 8.43205E-2 1.21485E-1 1.87529E-1 9.06992E-2 8.93811E-2 1.41853E-1 2.04451E-1 1.7548E-1 1.27244E-1 1.10966E-1 1.13525E-1 1.15534E-1 1.12001E-1 1.09305E-1 1.05506E-1 1.0295E-1 9.93439E-2 9.66225E-2 9.22049E-2 8.66307E-2 8.24577E-2 8.08802E-2 8.01614E-2
-9999 -9999 -9999 -9999 -9999 -9999 -9999 -9999 -9999 -9999 -9999 -9999 -9999 -9999 -9999 -9999 -9999 -9999 -9999 -9999 -9999 -9999 -9999 -9999 4.13743E-2 4.21699E-2 4.46565E-2 5.10819E-2 5.57931E-2 6.85739E-2 7.36354E-2 7.38883E-2 5.67446E-2 5.24784E-2 5.14537E-2 4.2035E-2 5.61358E-2 8.92949E-2 9.46695E-2 1.29615E-1 1.90805E-1 1.52437E-1 8.10298E-2 1.14872E-1 2.31071E-1 2.0787E-1 1.32256E-1 1.12659E-1 1.12298E-1 1.1704E-1 1.14601E-1 1.08647E-1 1.03217E-1 1.00567E-1 9.76285E-2 9.33397E-2 9.03305E-2 8.40708E-2 8.02596E-2 7.86867E-2 7.79964E-2
-9999 -9999 -9999 -9999 -9999 -9999 -9999 -9999 -9999 -9999 -9999 -9999 -9999 -9999 -9999 -9999 -9999 -9999 -9999 -9999 -9999 -9999 -9999 -9999 4.09603E-2 4.05772E-2 4.29259E-2 4.74571E-2 5.37175E-2 6.4381E-2 7.58097E-2 8.21181E-2 6.43721E-2 4.40499E-2 4.28157E-2 4.21726E-2 5.24266E-2 8.6289E-2 1.26859E-1 1.63146E-1 2.08899E-1 1.66932E-1 9.85224E-2 1.15775E-1 1.6838E-1 2.19895E-1 1.28826E-1 1.28727E-1 1.18978E-1 1.43963E-1 1.1628E-1 1.0744E-1 1.01934E-1 9.80662E-2 9.32223E-2 8.85803E-2 8.35194E-2 7.94563E-2 7.79112E-2 7.66487E-2 7.63084E-2
-9999 -9999 -9999 -9999 -9999 -9999 -9999 -9999 -9999 -9999 -9999 -9999 -9999 -9999 -9999 -9999 -9999 -9999 -9999 -9999 -9999 -9999 -9999 -9999 4.17116E-2 3.85551E-2 3.64217E-2 3.94603E-2 4.30406E-2 6.01336E-2 7.1094E-2 8.77082E-2 8.39999E-2 5.00359E-2 5.65879E-2 4.9341E-2 4.55774E-2 7.85042E-2 1.61524E-1 1.70885E-1 2.12564E-1 2.08204E-1 1.22098E-1 1.23499E-1 1.71634E-1 2.20727E-1 1.83334E-1 1.83015E-1 1.3136E-1 1.60429E-1 1.15805E-1 1.10015E-1 1.01283E-1 9.54846E-2 9.02555E-2 8.49212E-2 7.98968E-2 7.6761E-2 7.54339E-2 7.47525E-2 7.47639E-2
-9999 -9999 -9999 -9999 -9999 -9999 -9999 -9999 -9999 -9999 -9999 -9999 -9999 -9999 -9999 -9999 -9999 -9999 -9999 -9999 -9999 -9999 -9999 -9999 4.05335E-2 4.07336E-2 3.76053E-2 3.45096E-2 3.53834E-2 4.345E-2 6.80991E-2 8.96433E-2 9.26315E-2 5.4215E-2 4.34591E-2 4.51493E-2 4.94542E-2 5.91892E-2 1.17503E-1 1.88733E-1 2.12938E-1 2.2457E-1 1.64723E-1 1.64175E-1 1.35481E-1 2.81484E-1 1.85221E-1 1.45239E-1 1.33313E-1 1.32625E-1 1.74234E-1 1.41779E-1 1.05913E-1 8.80041E-2 8.46203E-2 8.13414E-2 7.78871E-2 7.49401E-2 7.37472E-2 7.32795E-2 7.3372E-2
-9999 -9999 -9999 -9999 -9999 -9999 -9999 -9999 -9999 -9999 -9999 -9999 -9999 -9999 -9999 -9999 -9999 -9999 -9999 -9999 -9999 -9999 -9999 -9999 3.50637E-2 3.5764E-2 3.4854E-2 3.51153E-2 2.91672E-2 4.06787E-2 4.76313E-2 8.39506E-2 9.79196E-2 5.68973E-2 5.18025E-2 5.87982E-2 5.11859E-2 5.25776E-2 7.7874E-2 1.56393E-1 1.90858E-1 2.38962E-1 2.41781E-1 2.09359E-1 1.30194E-1 1.58092E-1 2.65317E-1 1.46664E-1 1.43198E-1 1.37722E-1 2.40164E-1 1.43969E-1 1.18549E-1 8.71753E-2 8.1493E-2 7.76102E-2 7.5647E-2 7.37525E-2 7.25876E-2 7.19097E-2 7.22048E-2
-9999 -9999 -9999 -9999 -9999 -9999 -9999 -9999 -9999 -9999 -9999 -9999 -9999 -9999 -9999 -9999 -9999 -9999 -9999 -9999 -9999 -9999 -9999 -9999 3.34549E-2 3.48535E-2 3.53453E-2 3.52263E-2 3.17046E-2 3.58394E-2 4.44596E-2 8.77945E-2 1.15778E-1 1.01133E-1 5.45996E-2 4.15956E-2 4.43547E-2 4.70492E-2 6.21793E-2 1.36315E-1 2.18261E-1 2.41931E-1 2.53982E-1 2.30756E-1 1.51413E-1 1.20909E-1 2.39784E-1 1.95273E-1 1.93341E-1 1.48647E-1 2.71116E-1 1.33215E-1 1.24132E-1 8.69911E-2 8.09686E-2 7.76727E-2 7.47634E-2 7.30804E-2 7.22842E-2 7.32659E-2 7.18927E-2
-9999 -9999 -9999 -9999 -9999 -9999 -9999 -9999 -9999 -9999 -9999 -9999 -9999 -9999 -9999 -9999 -9999 -9999 -9999 -9999 -9999 -9999 -9999 -9999 3.66624E-2 3.53597E-2 3.46626E-2 3.56829E-2 3.42922E-2 3.88255E-2 4.31691E-2 7.14868E-2 1.13624E-1 1.13064E-1 6.71728E-2 4.64225E-2 6.28414E-2 4.75587E-2 5.21699E-2 1.42502E-1 2.22039E-1 2.29218E-1 2.41122E-1 2.67632E-1 2.29283E-1 1.24837E-1 1.3655E-1 2.89352E-1 1.97199E-1 1.91855E-1 1.96451E-1 1.069E-1 9.6209E-2 8.66353E-2 8.03093E-2 7.7329E-2 7.44223E-2 7.27371E-2 7.16484E-2 8.84978E-2 7.32786E-2
-9999 -9999 -9999 -9999 -9999 -9999 -9999 -9999 -9999 -9999 -9999 -9999 -9999 -9999 -9999 -9999 -9999 -9999 -9999 -9999 -9999 -9999 -9999 -9999 3.71308E-2 3.58766E-2 3.67457E-2 3.58705E-2 3.46289E-2 4.44383E-2 4.25675E-2 4.4358E-2 1.03116E-1 1.2893E-1 1.25926E-1 6.69628E-2 4.99886E-2 4.56867E-2 4.8425E-2 8.29618E-2 2.25964E-1 2.16676E-1 2.11482E-1 2.23162E-1 2.73487E-1 1.71836E-1 1.45722E-1 2.05823E-1 2.63934E-1 1.83644E-1 1.51909E-1 2.2864E-1 1.43468E-1 1.85364E-1 8.2997E-2 7.77927E-2 7.46163E-2 7.32991E-2 7.18292E-2 7.0847E-2 8.25717E-2
-9999 -9999 -9999 -9999 -9999 -9999 -9999 -9999 -9999 -9999 -9999 -9999 -9999 -9999 -9999 -9999 -9999 -9999 -9999 -9999 -9999 -9999 -9999 -9999 -9999 3.76234E-2 3.50689E-2 3.65287E-2 3.47942E-2 4.37469E-2 4.51615E-2 4.36562E-2 6.87652E-2 1.21465E-1 1.51246E-1 9.34199E-2 6.73156E-2 5.51675E-2 4.95685E-2 6.84218E-2 1.44751E-1 2.38321E-1 1.95703E-1 1.98142E-1 2.67493E-1 2.14986E-1 1.6414E-1 1.24773E-1 2.82125E-1 2.25533E-1 1.63982E-1 2.42081E-1 1.49048E-1 1.92101E-1 9.38679E-2 8.01787E-2 7.58198E-2 7.37768E-2 7.34365E-2 8.59068E-2 1.27067E-1
-9999 -9999 -9999 -9999 -9999 -9999 -9999 -9999 -9999 -9999 -9999 -9999 -9999 -9999 -9999 -9999 -9999 -9999 -9999 -9999 -9999 -9999 -9999 -9999 -9999 -9999 3.7587E-2 3.67329E-2 3.55604E-2 4.4006E-2 4.39457E-2 5.6245E-2 5.08606E-2 1.19997E-1 1.44187E-1 1.70173E-1 1.20766E-1 5.97868E-2 7.56017E-2 8.39259E-2 1.41507E-1 2.4981E-1 1.88021E-1 1.82681E-1 2.49335E-1 2.63866E-1 2.39202E-1 1.13072E-1 2.95358E-1 2.70392E-1 1.80952E-1 2.17039E-1 1.64377E-1 2.20543E-1 1.06512E-1 8.26335E-2 7.7359E-2 7.51456E-2 7.49761E-2 7.99497E-2 1.55612E-1
-9999 -9999 -9999 -9999 -9999 -9999 -9999 -9999 -9999 -9999 -9999 -9999 -9999 -9999 -9999 -9999 -9999 -9999 -9999 -9999 -9999 -9999 -9999 -9999 -9999 -9999 -9999 3.69227E-2 3.51835E-2 6.34741E-2 4.95847E-2 6.50413E-2 6.68632E-2 8.69884E-2 1.52934E-1 1.70096E-1 1.65574E-1 7.62558E-2 7.34522E-2 9.23727E-2 1.35033E-1 2.36552E-1 1.76975E-1 1.80437E-1 1.91813E-1 2.74035E-1 2.41593E-1 1.16207E-1 2.53738E-1 2.86968E-1 1.98885E-1 1.90332E-1 1.75115E-1 2.19711E-1 1.3704E-1 9.06396E-2 7.94692E-2 7.6418E-2 7.60508E-2 7.94646E-2 1.52335E-1
-9999 -9999 -9999 -9999 -9999 -9999 -9999 -9999 -9999 -9999 -9999 -9999 -9999 -9999 -9999 -9999 -9999 -9999 -9999 -9999 -9999 -9999 -9999 -9999 -9999 -9999 -9999 -9999 -9999 6.75855E-2 4.50465E-2 5.56257E-2 4.60654E-2 7.52894E-2 6.8905E-2 1.32742E-1 2.07514E-1 1.56014E-1 1.29144E-1 2.12359E-1 2.1304E-1 1.91708E-1 1.82602E-1 1.8186E-1 1.86241E-1 2.52624E-1 2.95013E-1 1.84656E-1 1.75824E-1 3.06277E-1 2.36232E-1 2.0508E-1 2.44412E-1 1.45029E-1 1.55327E-1 1.00066E-1 8.11657E-2 7.84612E-2 7.70776E-2 7.886E-2 1.1976E-1
-9999 -9999 -9999 -9999 -9999 -9999 -9999 -9999 -9999 -9999 -9999 -9999 -9999 -9999 -9999 -9999 -9999 -9999 -9999 -9999 -9999 -9999 -9999 -9999 -9999 -9999 -9999 -9999 -9999 -9999 4.67391E-2 4.55192E-2 5.24722E-2 4.75973E-2 4.45942E-2 7.03272E-2 1.75014E-1 2.19645E-1 1.62152E-1 8.26129E-2 9.22136E-2 1.11649E-1 2.59725E-1 1.90328E-1 2.25233E-1 2.41073E-1 2.68023E-1 2.09821E-1 2.01348E-1 3.14036E-1 2.65149E-1 2.1978E-1 2.43631E-1 1.90784E-1 1.2166E-1 1.05534E-1 8.57058E-2 8.16349E-2 7.84148E-2 7.84263E-2 8.35275E-2
-9999 -9999 -9999 -9999 -9999 -9999 -9999 -9999 -9999 -9999 -9999 -9999 -9999 -9999 -9999 -9999 -9999 -9999 -9999 -9999 -9999 -9999 -9999 -9999 -9999 -9999 -9999 -9999 -9999 -9999 -9999 4.67123E-2 4.7401E-2 5.00322E-2 4.50539E-2 4.62082E-2 8.68566E-2 1.79649E-1 1.76484E-1 1.05157E-1 8.23999E-2 5.69051E-2 1.49682E-1 2.08069E-1 2.1352E-1 1.93449E-1 2.56663E-1 2.4882E-1 2.03624E-1 2.496E-1 2.56238E-1 2.30926E-1 2.18323E-1 2.10961E-1 1.13489E-1 1.08273E-1 9.20104E-2 8.52486E-2 8.00309E-2 7.85525E-2 8.17256E-2
-9999 -9999 -9999 -9999 -9999 -9999 -9999 -9999 -9999 -9999 -9999 -9999 -9999 -9999 -9999 -9999 -9999 -9999 -9999 -9999 -9999 -9999 -9999 -9999 -9999 -9999 -9999 -9999 -9999 -9999 -9999 4.28898E-2 4.66927E-2 4.82614E-2 4.70907E-2 4.05381E-2 5.08916E-2 9.11886E-2 1.66703E-1 1.59431E-1 1.27212E-1 7.37214E-2 1.09493E-1 2.60134E-1 1.7988E-1 1.81141E-1 2.12949E-1 3.11882E-1 2.18151E-1 2.16337E-1 2.65117E-1 2.52772E-1 1.9738E-1 1.89199E-1 1.08856E-1 1.09833E-1 8.71798E-2 8.507E-2 8.18831E-2 7.91887E-2 7.95475E-2
