RStudio/Xiphophorus/MaxEnt Models/Xiphophorus cortezi/Xiphophorus_cortezi.asc
ncols         432
nrows         590
xllcorner     -101.36634685401
yllcorner     19.040437502918
cellsize      0.008333332798
NODATA_value  -9999
[rows 216 to 242 of 590, columns 244 to 304 of 432]
1.61615E-1 1.66602E-1 1.71388E-1 1.83649E-1 1.79174E-1 1.48151E-1 1.5931E-1 1.53288E-1 1.75691E-1 1.03922E-1 7.09345E-2 9.03214E-2 6.1763E-2 5.88595E-2 6.73956E-2 6.52482E-2 6.57622E-2 6.4074E-2 6.41529E-2 1.39109E-1 1.3463E-1 1.30764E-1 6.42012E-2 5.0175E-2 4.44316E-2 4.30407E-2 4.02372E-2 3.81998E-2 3.17396E-2 3.1938E-2 3.48325E-2 3.02847E-2 3.17655E-2 3.1973E-2 3.03524E-2 3.09105E-2 2.9879E-2 2.93519E-2 2.99229E-2 2.97432E-2 2.84841E-2 2.69004E-2 2.70772E-2 2.83885E-2 2.88785E-2 2.9151E-2 2.95385E-2 3.00219E-2 3.18249E-2 3.9544E-2 4.50702E-2 4.74532E-2 4.50114E-2 3.00597E-2 3.24375E-2 3.29677E-2 3.15641E-2 3.03842E-2 2.97817E-2 2.87507E-2 2.79684E-2
1.76894E-1 1.65727E-1 1.64725E-1 1.6894E-1 1.78194E-1 1.78212E-1 1.7606E-1 1.76407E-1 1.2902E-1 9.92304E-2 8.06974E-2 6.17407E-2 6.49485E-2 6.3136E-2 6.35432E-2 6.58514E-2 6.5652E-2 6.50262E-2 9.10682E-2 1.36034E-1 1.3192E-1 1.31649E-1 6.8357E-2 4.87923E-2 4.49161E-2 4.24869E-2 4.05824E-2 3.82796E-2 3.20896E-2 3.34931E-2 3.27067E-2 3.31776E-2 3.15421E-2 3.15275E-2 3.09519E-2 3.09757E-2 3.02355E-2 3.04116E-2 3.10366E-2 3.08551E-2 3.03464E-2 2.70434E-2 2.77347E-2 2.86519E-2 2.87798E-2 2.94084E-2 3.03606E-2 3.14978E-2 3.3143E-2 3.65688E-2 4.51721E-2 4.8577E-2 4.41383E-2 3.08546E-2 3.2525E-2 3.21935E-2 3.03972E-2 2.98179E-2 2.89474E-2 2.81889E-2 2.73923E-2
1.7315E-1 1.58386E-1 1.50882E-1 1.54327E-1 1.77146E-1 1.65403E-1 1.6099E-1 1.76927E-1 9.91533E-2 9.59781E-2 8.40407E-2 6.37479E-2 6.3626E-2 6.5758E-2 6.34291E-2 6.72277E-2 6.60483E-2 6.40701E-2 9.07316E-2 1.32464E-1 1.30844E-1 1.28409E-1 7.58134E-2 4.98751E-2 4.48019E-2 4.29182E-2 4.01368E-2 3.85638E-2 3.25864E-2 3.25538E-2 3.47941E-2 3.26365E-2 3.22014E-2 3.20248E-2 3.12755E-2 3.19124E-2 3.04145E-2 2.97606E-2 3.12921E-2 3.15585E-2 2.88296E-2 2.77874E-2 2.79459E-2 2.93563E-2 3.06904E-2 3.09386E-2 3.17394E-2 3.23676E-2 3.33971E-2 3.6328E-2 4.6614E-2 5.02923E-2 4.52049E-2 3.20511E-2 3.19602E-2 3.16888E-2 3.03516E-2 2.90477E-2 2.81844E-2 2.74616E-2 2.66113E-2
1.42845E-1 1.38131E-1 1.39141E-1 1.4655E-1 1.50185E-1 1.56395E-1 1.63723E-1 1.6709E-1 1.21415E-1 7.62132E-2 8.18138E-2 6.59951E-2 6.42932E-2 6.95066E-2 6.238E-2 6.23679E-2 6.0227E-2 6.1253E-2 7.87613E-2 1.29939E-1 1.27914E-1 1.26006E-1 6.13874E-2 4.9597E-2 4.52435E-2 4.36084E-2 4.12957E-2 3.93038E-2 3.40033E-2 3.44754E-2 3.38758E-2 3.42614E-2 3.31498E-2 3.20391E-2 3.19247E-2 3.21332E-2 3.32602E-2 3.26206E-2 3.29699E-2 3.26211E-2 2.83009E-2 2.90817E-2 3.02569E-2 3.12735E-2 3.17359E-2 3.24139E-2 3.23093E-2 3.29146E-2 3.46396E-2 3.775E-2 4.72864E-2 4.91267E-2 4.64356E-2 3.82103E-2 3.13697E-2 3.07803E-2 2.97901E-2 2.79609E-2 2.72984E-2 2.63453E-2 2.57241E-2
1.29594E-1 1.47457E-1 1.36234E-1 1.47977E-1 1.51292E-1 1.71864E-1 1.75378E-1 1.50127E-1 1.57241E-1 8.49568E-2 8.64244E-2 7.91738E-2 6.75526E-2 6.71378E-2 6.39003E-2 6.28261E-2 6.18634E-2 5.96765E-2 5.60627E-2 1.08399E-1 1.10692E-1 1.23304E-1 6.33779E-2 4.86413E-2 4.57311E-2 4.35142E-2 4.15334E-2 4.07247E-2 3.51268E-2 3.33941E-2 3.29285E-2 3.38596E-2 3.31617E-2 3.251E-2 3.23937E-2 3.24441E-2 3.34087E-2 3.23881E-2 3.4119E-2 3.2946E-2 3.06645E-2 3.10853E-2 3.13491E-2 3.2782E-2 3.30043E-2 3.30594E-2 3.34065E-2 3.42338E-2 3.61562E-2 3.85083E-2 4.7347E-2 5.02709E-2 4.57293E-2 4.6664E-2 3.13132E-2 3.0076E-2 2.9351E-2 2.79524E-2 2.65958E-2 2.60352E-2 2.53964E-2
1.17568E-1 1.56943E-1 1.24449E-1 1.42181E-1 1.36737E-1 1.70175E-1 1.70947E-1 1.57408E-1 1.74045E-1 1.0505E-1 7.75048E-2 8.52587E-2 8.39723E-2 6.56949E-2 6.25695E-2 6.2768E-2 6.13366E-2 6.23007E-2 6.85928E-2 1.20609E-1 7.20465E-2 1.15789E-1 4.89906E-2 4.82414E-2 4.63068E-2 4.39358E-2 4.16851E-2 4.05333E-2 3.5435E-2 3.68578E-2 3.5043E-2 3.49175E-2 3.44601E-2 3.32708E-2 3.30471E-2 3.40068E-2 3.48966E-2 3.41024E-2 3.56365E-2 3.54917E-2 3.45941E-2 3.48844E-2 3.29772E-2 3.40233E-2 3.38984E-2 3.4215E-2 3.46141E-2 3.59942E-2 3.81362E-2 3.93007E-2 4.91838E-2 4.88152E-2 4.68067E-2 4.92481E-2 3.08655E-2 3.02048E-2 2.9005E-2 2.78837E-2 2.66517E-2 2.55173E-2 2.4765E-2
1.26994E-1 1.71378E-1 1.13403E-1 1.35334E-1 1.24949E-1 1.33998E-1 1.45579E-1 1.55625E-1 1.53719E-1 1.12857E-1 8.94042E-2 1.37122E-1 7.43302E-2 6.61283E-2 6.42812E-2 6.30726E-2 6.59689E-2 6.21548E-2 8.8964E-2 1.23657E-1 1.05444E-1 7.47173E-2 4.81024E-2 4.85047E-2 4.6505E-2 4.46957E-2 4.17081E-2 4.1614E-2 3.64878E-2 3.65999E-2 3.5737E-2 3.57377E-2 3.51631E-2 3.39792E-2 3.39706E-2 3.54232E-2 3.55412E-2 3.53547E-2 3.6097E-2 3.70061E-2 3.36417E-2 3.60267E-2 3.43975E-2 3.58965E-2 3.51118E-2 3.50616E-2 3.49308E-2 3.61798E-2 3.93356E-2 4.10785E-2 4.96315E-2 5.51195E-2 4.88594E-2 5.0086E-2 3.43455E-2 3.04021E-2 2.94013E-2 2.83677E-2 2.69285E-2 2.557E-2 2.47157E-2
1.32484E-1 1.47594E-1 1.24295E-1 1.14472E-1 1.12295E-1 1.14769E-1 1.31693E-1 1.63472E-1 1.45979E-1 1.07706E-1 8.99573E-2 8.35321E-2 6.85857E-2 7.01714E-2 7.16875E-2 6.65441E-2 1.25574E-1 6.57403E-2 1.083E-1 1.21624E-1 1.16484E-1 1.11827E-1 5.24072E-2 4.65864E-2 4.56149E-2 4.46002E-2 4.32419E-2 4.26666E-2 3.23308E-2 3.33175E-2 3.32115E-2 3.24139E-2 3.18422E-2 3.12285E-2 3.06907E-2 3.12822E-2 3.19167E-2 3.178E-2 3.35505E-2 3.36478E-2 3.17111E-2 3.23408E-2 3.25737E-2 3.28639E-2 3.26119E-2 3.25066E-2 3.26278E-2 3.36279E-2 3.69011E-2 3.81643E-2 4.49039E-2 5.17029E-2 4.58995E-2 4.2517E-2 3.38501E-2 2.85215E-2 2.75389E-2 2.63095E-2 2.51978E-2 2.38221E-2 2.28123E-2
1.72073E-1 1.7208E-1 1.33647E-1 1.22114E-1 1.12038E-1 1.1176E-1 1.18856E-1 1.60057E-1 1.43576E-1 1.11702E-1 8.31919E-2 1.14396E-1 9.03781E-2 8.64326E-2 7.18491E-2 7.13453E-2 1.07879E-1 6.54464E-2 1.01988E-1 1.1947E-1 1.16952E-1 1.15197E-1 5.90526E-2 4.87104E-2 4.82128E-2 4.59836E-2 4.37364E-2 4.2137E-2 3.25333E-2 3.34503E-2 3.37486E-2 3.31223E-2 3.27397E-2 3.25399E-2 3.13436E-2 3.09873E-2 3.27398E-2 3.23813E-2 3.39824E-2 3.36272E-2 3.25753E-2 3.315E-2 3.42281E-2 3.3447E-2 3.28387E-2 3.30034E-2 3.31342E-2 3.41875E-2 3.76489E-2 3.85153E-2 4.64404E-2 5.0583E-2 4.28489E-2 4.11265E-2 3.02241E-2 2.83041E-2 2.73297E-2 2.59672E-2 2.50077E-2 2.39955E-2 2.27097E-2
1.70759E-1 1.70944E-1 1.31209E-1 1.19393E-1 1.13991E-1 1.07475E-1 1.12005E-1 1.4511E-1 1.56701E-1 1.1408E-1 9.18858E-2 1.25126E-1 1.11933E-1 1.25907E-1 7.32067E-2 7.092E-2 8.54783E-2 7.03803E-2 1.08968E-1 1.17864E-1 1.17008E-1 1.13004E-1 5.37065E-2 5.04958E-2 4.98888E-2 4.71416E-2 4.47564E-2 4.32898E-2 3.25463E-2 3.2626E-2 3.42546E-2 3.36903E-2 3.31587E-2 3.21619E-2 3.13929E-2 3.14887E-2 3.1686E-2 3.30911E-2 3.43803E-2 3.43589E-2 3.33458E-2 3.37741E-2 3.4437E-2 3.28641E-2 3.29791E-2 3.33782E-2 3.37564E-2 3.54016E-2 3.67442E-2 3.79985E-2 4.79941E-2 5.27782E-2 4.30214E-2 4.11157E-2 3.06063E-2 2.80501E-2 2.69023E-2 2.58827E-2 2.4651E-2 2.37872E-2 2.28961E-2
1.6513E-1 1.70668E-1 1.44462E-1 1.21096E-1 1.15739E-1 1.07053E-1 1.0408E-1 1.23092E-1 1.50818E-1 1.37248E-1 1.18934E-1 1.06342E-1 1.58117E-1 1.34583E-1 1.1671E-1 8.2667E-2 1.13394E-1 8.54282E-2 9.41922E-2 1.21541E-1 1.18774E-1 1.14105E-1 5.84919E-2 5.22524E-2 5.08532E-2 4.79634E-2 4.5412E-2 4.46155E-2 3.33507E-2 3.34786E-2 3.44081E-2 3.28884E-2 3.26026E-2 3.29068E-2 3.2013E-2 3.2161E-2 3.33753E-2 3.41237E-2 3.51202E-2 3.40424E-2 3.3898E-2 3.43409E-2 3.43755E-2 3.40028E-2 3.36694E-2 3.40746E-2 3.48227E-2 3.61255E-2 3.82561E-2 3.8505E-2 4.83262E-2 5.07059E-2 4.46447E-2 4.08728E-2 3.01239E-2 2.78105E-2 2.69177E-2 2.64256E-2 2.46257E-2 2.36288E-2 2.30905E-2
1.67433E-1 1.6356E-1 1.45937E-1 1.36829E-1 1.16691E-1 1.07569E-1 1.03029E-1 1.55416E-1 1.33736E-1 1.60389E-1 1.45133E-1 1.01495E-1 1.56264E-1 1.54359E-1 1.09631E-1 1.13532E-1 9.16668E-2 8.94824E-2 8.26454E-2 1.21493E-1 1.20632E-1 1.11612E-1 5.92076E-2 5.49627E-2 5.26707E-2 4.99869E-2 4.67183E-2 4.53705E-2 3.42024E-2 3.40373E-2 3.339E-2 3.3367E-2 3.25304E-2 3.22091E-2 3.24919E-2 3.18792E-2 3.34013E-2 3.43677E-2 3.65701E-2 3.51562E-2 3.51943E-2 3.57166E-2 3.46775E-2 3.4232E-2 3.44832E-2 3.47749E-2 3.52691E-2 3.62733E-2 3.84774E-2 4.01588E-2 4.80415E-2 4.97282E-2 4.49709E-2 4.08228E-2 2.86816E-2 2.85369E-2 2.72204E-2 2.6214E-2 2.49156E-2 2.388E-2 2.35052E-2
1.53932E-1 1.6846E-1 1.6923E-1 1.49585E-1 1.1836E-1 1.05157E-1 1.03918E-1 1.20203E-1 1.31335E-1 1.46027E-1 1.49564E-1 1.0829E-1 1.38142E-1 1.55884E-1 1.29872E-1 1.22479E-1 1.10448E-1 9.74345E-2 7.79837E-2 1.26016E-1 1.21171E-1 9.92819E-2 6.0888E-2 5.78045E-2 5.52879E-2 5.18606E-2 4.92999E-2 4.67561E-2 3.48072E-2 3.49204E-2 3.41918E-2 3.3834E-2 3.34964E-2 3.23776E-2 3.24948E-2 3.2541E-2 3.44199E-2 3.45268E-2 3.70901E-2 3.63395E-2 3.53688E-2 3.57013E-2 3.57204E-2 3.3858E-2 3.44967E-2 3.50134E-2 3.57483E-2 3.57682E-2 3.81274E-2 3.98497E-2 4.69009E-2 4.89771E-2 4.40039E-2 4.00194E-2 3.1365E-2 2.87985E-2 2.78353E-2 2.62223E-2 2.52622E-2 2.46286E-2 2.40785E-2
1.37621E-1 1.49605E-1 1.48001E-1 1.62698E-1 1.36175E-1 1.05883E-1 1.06035E-1 1.10633E-1 1.49523E-1 1.38958E-1 1.55272E-1 1.38225E-1 1.14083E-1 1.48975E-1 1.40907E-1 1.15158E-1 1.18747E-1 8.63129E-2 8.04116E-2 1.28961E-1 1.24144E-1 1.17978E-1 6.64135E-2 6.0276E-2 5.77112E-2 5.39636E-2 5.0906E-2 4.9275E-2 3.59531E-2 3.48009E-2 3.43218E-2 3.34923E-2 3.27979E-2 3.53506E-2 3.33556E-2 3.36793E-2 3.37972E-2 3.57415E-2 3.66797E-2 3.75307E-2 3.5574E-2 3.74397E-2 3.69815E-2 3.57691E-2 3.55193E-2 3.65207E-2 3.68369E-2 3.62434E-2 3.8522E-2 4.08902E-2 4.78342E-2 4.99468E-2 4.49091E-2 3.91712E-2 3.22972E-2 2.92977E-2 2.7258E-2 2.65552E-2 2.58036E-2 2.49623E-2 2.4467E-2
1.50304E-1 1.44208E-1 1.3168E-1 1.57805E-1 1.31025E-1 1.08845E-1 1.0642E-1 1.04847E-1 1.55005E-1 1.36193E-1 1.52253E-1 1.50102E-1 1.1925E-1 1.40611E-1 1.43302E-1 1.09811E-1 1.42948E-1 8.85673E-2 8.24439E-2 1.20392E-1 1.25117E-1 1.09267E-1 6.9187E-2 6.46535E-2 6.12311E-2 5.52938E-2 5.32394E-2 5.21033E-2 3.81544E-2 3.63962E-2 3.55093E-2 3.59355E-2 3.36499E-2 3.31442E-2 3.41817E-2 3.26996E-2 3.37082E-2 3.59454E-2 3.54506E-2 3.85971E-2 3.69574E-2 3.70496E-2 3.63153E-2 3.64824E-2 3.52513E-2 3.81643E-2 3.7392E-2 3.71866E-2 3.93735E-2 4.30815E-2 4.72418E-2 4.90445E-2 4.37036E-2 3.89309E-2 3.26299E-2 2.97051E-2 2.83712E-2 2.75808E-2 2.63614E-2 2.56657E-2 2.49034E-2
1.34643E-1 1.62983E-1 1.59468E-1 1.61574E-1 1.36404E-1 1.14023E-1 1.05908E-1 1.02886E-1 1.1761E-1 1.39619E-1 1.30557E-1 1.48742E-1 1.19252E-1 1.48758E-1 1.50749E-1 1.15155E-1 8.982E-2 9.33504E-2 8.81974E-2 9.38514E-2 1.28756E-1 1.20329E-1 7.50756E-2 6.82145E-2 6.43005E-2 6.04494E-2 5.7684E-2 5.42125E-2 4.02616E-2 3.78833E-2 3.7275E-2 3.55192E-2 3.4372E-2 3.30621E-2 3.26607E-2 3.3078E-2 3.488E-2 3.66703E-2 3.69646E-2 4.12091E-2 3.76236E-2 3.74831E-2 3.63989E-2 3.64809E-2 3.92044E-2 3.84791E-2 3.93401E-2 3.88787E-2 3.89152E-2 4.21566E-2 4.55713E-2 4.72864E-2 4.11512E-2 3.75686E-2 3.19796E-2 2.99327E-2 2.92398E-2 2.81861E-2 2.73821E-2 2.62275E-2 2.52916E-2
1.32392E-1 1.58289E-1 1.45697E-1 1.55247E-1 1.56536E-1 1.12977E-1 1.06602E-1 1.0114E-1 1.09896E-1 1.49164E-1 1.25439E-1 1.3274E-1 1.22219E-1 1.25478E-1 1.06242E-1 9.60723E-2 9.28959E-2 9.95567E-2 9.61203E-2 9.13296E-2 1.03075E-1 1.25986E-1 8.22286E-2 7.17263E-2 6.88032E-2 6.46283E-2 5.98301E-2 5.72236E-2 4.24948E-2 4.05511E-2 4.0324E-2 3.7311E-2 3.51705E-2 3.47192E-2 3.41426E-2 3.43183E-2 3.55739E-2 3.57393E-2 3.84476E-2 4.09786E-2 3.87636E-2 3.86181E-2 3.70213E-2 3.86522E-2 3.81343E-2 3.96917E-2 4.00179E-2 4.08194E-2 3.9601E-2 4.15922E-2 4.34178E-2 4.49894E-2 4.03512E-2 3.61239E-2 3.2527E-2 3.1056E-2 3.0264E-2 2.88083E-2 2.81501E-2 2.7115E-2 2.6661E-2
1.41551E-1 1.54957E-1 1.25152E-1 1.13672E-1 1.18884E-1 1.16202E-1 1.03463E-1 9.93403E-2 1.04553E-1 1.16217E-1 1.18124E-1 1.19081E-1 1.22074E-1 1.21633E-1 1.26076E-1 9.62916E-2 9.98406E-2 1.0409E-1 1.01003E-1 9.55702E-2 9.95155E-2 1.32288E-1 8.24723E-2 7.59483E-2 7.19758E-2 6.79606E-2 6.2843E-2 5.9967E-2 4.47439E-2 4.35308E-2 4.18372E-2 4.03118E-2 3.68772E-2 3.60465E-2 3.59989E-2 3.63636E-2 3.68873E-2 3.71362E-2 3.86952E-2 3.98139E-2 3.86366E-2 4.02945E-2 3.76757E-2 3.87855E-2 3.89699E-2 4.34647E-2 4.04817E-2 4.22516E-2 4.13368E-2 4.12617E-2 4.22445E-2 4.30561E-2 3.90199E-2 3.62801E-2 3.27775E-2 3.18999E-2 3.10022E-2 2.96277E-2 2.84596E-2 2.81283E-2 2.79647E-2
1.298E-1 1.23852E-1 1.02264E-1 1.01003E-1 1.06082E-1 1.21273E-1 1.15692E-1 9.84157E-2 1.02857E-1 1.15082E-1 1.21823E-1 1.22111E-1 1.24797E-1 1.24906E-1 1.21934E-1 9.76034E-2 1.05794E-1 1.07061E-1 1.05626E-1 1.18662E-1 1.03755E-1 1.34677E-1 9.25533E-2 9.25929E-2 7.62179E-2 7.19206E-2 6.69978E-2 6.37907E-2 4.61173E-2 4.39216E-2 4.24373E-2 4.28302E-2 4.00368E-2 3.85005E-2 3.81186E-2 3.87987E-2 3.89716E-2 3.89076E-2 3.88633E-2 4.04841E-2 3.88595E-2 4.0761E-2 3.93691E-2 3.9384E-2 3.9577E-2 3.98732E-2 4.35612E-2 4.47324E-2 4.22921E-2 4.17698E-2 4.27282E-2 4.36275E-2 3.90567E-2 3.62367E-2 3.3679E-2 3.25556E-2 3.15713E-2 3.03307E-2 2.98485E-2 2.9281E-2 2.87774E-2
1.35316E-1 1.28632E-1 1.05497E-1 1.04155E-1 1.06358E-1 1.06627E-1 1.09702E-1 1.03999E-1 1.01796E-1 1.13011E-1 1.18554E-1 1.2085E-1 1.26473E-1 1.26172E-1 1.21704E-1 1.17297E-1 9.59228E-2 1.04256E-1 1.15999E-1 1.23314E-1 1.11191E-1 1.40284E-1 1.29588E-1 1.06642E-1 8.49392E-2 7.76488E-2 7.2227E-2 7.00984E-2 4.85546E-2 4.68984E-2 4.4355E-2 4.38151E-2 4.07259E-2 3.86616E-2 3.82767E-2 3.71958E-2 3.69195E-2 3.76848E-2 3.79516E-2 3.82402E-2 3.80384E-2 4.14177E-2 4.15475E-2 4.07727E-2 4.21218E-2 4.32037E-2 4.47059E-2 4.33531E-2 4.16023E-2 4.23814E-2 4.19701E-2 4.19894E-2 3.94862E-2 3.8815E-2 3.69567E-2 3.54901E-2 3.49984E-2 3.3688E-2 3.23967E-2 3.15954E-2 3.04832E-2
1.3022E-1 1.16256E-1 1.04026E-1 1.03799E-1 1.05577E-1 1.06661E-1 1.06942E-1 1.03847E-1 1.02841E-1 1.03839E-1 1.12306E-1 1.21103E-1 1.41247E-1 1.31082E-1 1.40345E-1 1.2943E-1 9.6131E-2 1.07968E-1 1.14898E-1 1.25464E-1 1.21191E-1 1.42746E-1 1.3897E-1 1.17376E-1 8.82817E-2 9.2609E-2 8.96896E-2 8.73177E-2 5.55035E-2 4.97448E-2 4.89553E-2 4.60953E-2 4.36547E-2 4.19681E-2 4.26129E-2 4.07161E-2 3.91957E-2 3.88844E-2 3.91268E-2 4.11245E-2 3.94564E-2 3.9507E-2 4.13317E-2 4.31919E-2 4.26954E-2 4.2917E-2 4.36742E-2 4.55864E-2 4.46147E-2 4.49629E-2 4.29565E-2 4.20959E-2 4.06951E-2 4.47309E-2 3.86123E-2 3.7409E-2 3.64448E-2 3.47574E-2 3.37073E-2 3.26842E-2 3.19019E-2
1.20981E-1 1.13394E-1 1.1232E-1 1.03809E-1 1.05837E-1 1.08152E-1 1.07955E-1 1.0662E-1 1.06528E-1 1.04939E-1 1.12934E-1 1.19841E-1 1.35544E-1 1.29644E-1 1.39374E-1 1.35802E-1 9.78929E-2 1.24366E-1 1.08836E-1 1.38535E-1 1.47697E-1 1.30249E-1 1.43211E-1 1.30164E-1 8.92347E-2 9.90495E-2 9.34035E-2 8.9327E-2 5.88337E-2 5.39752E-2 5.23177E-2 5.04823E-2 4.80313E-2 4.65638E-2 4.53242E-2 4.41877E-2 4.31118E-2 4.15836E-2 4.17505E-2 4.22987E-2 4.12914E-2 4.11847E-2 4.1995E-2 4.44388E-2 4.26302E-2 4.29961E-2 4.45124E-2 4.50892E-2 4.74672E-2 4.94346E-2 4.60641E-2 4.59692E-2 4.48496E-2 4.25741E-2 4.22787E-2 4.02619E-2 3.75532E-2 3.68525E-2 3.54451E-2 3.33174E-2 3.30461E-2
1.20872E-1 1.22607E-1 1.23928E-1 1.0941E-1 1.05872E-1 1.08416E-1 1.10768E-1 1.10318E-1 1.09355E-1 1.07397E-1 1.09634E-1 1.19695E-1 1.27115E-1 1.31349E-1 1.35575E-1 1.3406E-1 1.24536E-1 1.06535E-1 1.07119E-1 1.26649E-1 1.48689E-1 1.49631E-1 1.48066E-1 1.29738E-1 1.30536E-1 1.05194E-1 1.03618E-1 9.95253E-2 6.85393E-2 5.75956E-2 5.58709E-2 5.38738E-2 5.21222E-2 5.116E-2 4.9641E-2 4.78805E-2 4.64208E-2 4.4738E-2 4.43123E-2 4.46368E-2 4.35219E-2 4.45875E-2 4.43366E-2 4.57389E-2 4.53999E-2 4.54661E-2 4.54363E-2 4.69676E-2 4.92689E-2 4.99804E-2 4.77768E-2 4.76537E-2 4.87009E-2 4.28439E-2 4.25288E-2 4.14872E-2 4.02084E-2 3.7645E-2 3.66866E-2 3.5425E-2 3.47314E-2
1.23464E-1 1.04273E-1 1.01936E-1 1.05785E-1 1.10811E-1 1.08722E-1 1.10919E-1 1.15615E-1 1.16103E-1 1.12443E-1 1.10594E-1 1.37053E-1 1.26637E-1 1.40794E-1 1.31927E-1 1.33215E-1 1.28922E-1 1.05752E-1 1.3377E-1 1.28328E-1 1.50318E-1 1.51727E-1 1.49589E-1 1.48346E-1 1.43043E-1 1.07408E-1 1.11759E-1 1.03048E-1 6.59281E-2 6.27696E-2 6.18134E-2 5.91091E-2 5.78827E-2 5.57303E-2 5.28387E-2 5.12755E-2 4.95974E-2 4.89457E-2 4.70467E-2 4.80391E-2 4.49263E-2 4.58075E-2 4.74131E-2 4.765E-2 4.76991E-2 4.79901E-2 4.76671E-2 4.91191E-2 5.0632E-2 5.18863E-2 4.80131E-2 5.09195E-2 5.1558E-2 4.60641E-2 4.58303E-2 4.41807E-2 4.2593E-2 4.05894E-2 3.90223E-2 3.80043E-2 3.59109E-2
1.01815E-1 1.02327E-1 1.06313E-1 1.14075E-1 1.14298E-1 1.10147E-1 1.1176E-1 1.15575E-1 1.17643E-1 1.16848E-1 1.11788E-1 1.3897E-1 1.25965E-1 1.35173E-1 1.41863E-1 1.44398E-1 1.36584E-1 1.08998E-1 1.37719E-1 1.50707E-1 1.54794E-1 1.50941E-1 1.42634E-1 1.49597E-1 1.4795E-1 1.23957E-1 1.18542E-1 1.11005E-1 7.09382E-2 6.79878E-2 6.58175E-2 6.43714E-2 6.29592E-2 5.99499E-2 5.68915E-2 5.50914E-2 5.36499E-2 5.15585E-2 4.98301E-2 5.08382E-2 4.82975E-2 4.90102E-2 4.97329E-2 4.94633E-2 5.02389E-2 5.02938E-2 5.24495E-2 5.44848E-2 5.13663E-2 5.44376E-2 5.03501E-2 5.13967E-2 5.24451E-2 4.78841E-2 4.80549E-2 4.70811E-2 4.53666E-2 4.38876E-2 4.22261E-2 4.05518E-2 3.84272E-2
1.04326E-1 1.08877E-1 1.12951E-1 1.17088E-1 1.1947E-1 1.19044E-1 1.213E-1 1.19543E-1 1.36617E-1 1.19852E-1 1.22402E-1 1.17144E-1 1.42745E-1 1.45256E-1 1.47537E-1 1.47127E-1 1.42608E-1 1.38215E-1 1.14023E-1 1.36841E-1 1.56243E-1 1.53078E-1 1.46685E-1 1.35442E-1 1.52983E-1 1.39205E-1 1.26143E-1 1.20791E-1 7.8518E-2 7.45079E-2 7.17978E-2 6.92108E-2 6.71655E-2 6.47201E-2 6.2091E-2 6.00167E-2 5.84075E-2 5.67861E-2 5.54331E-2 5.45589E-2 5.21773E-2 5.14845E-2 5.16429E-2 5.19402E-2 5.38933E-2 5.30547E-2 5.43219E-2 5.47623E-2 5.47612E-2 5.77197E-2 5.39148E-2 5.40121E-2 5.50208E-2 4.91501E-2 5.22956E-2 5.00968E-2 4.76116E-2 4.60101E-2 4.43734E-2 4.23265E-2 4.04072E-2
1.20562E-1 1.22753E-1 1.17726E-1 1.26027E-1 1.29982E-1 1.23994E-1 1.27966E-1 1.32359E-1 1.37477E-1 1.21419E-1 1.22764E-1 1.26571E-1 1.36891E-1 1.36636E-1 1.48822E-1 1.49057E-1 1.44862E-1 1.38414E-1 1.32357E-1 1.25554E-1 1.57591E-1 1.57026E-1 1.50023E-1 1.30663E-1 1.51542E-1 1.56403E-1 1.33059E-1 1.30431E-1 8.63693E-2 8.06507E-2 7.82651E-2 7.52409E-2 7.18489E-2 6.90376E-2 6.72586E-2 6.5082E-2 6.3389E-2 6.22261E-2 6.04117E-2 5.90248E-2 5.4862E-2 5.54288E-2 5.65993E-2 5.52819E-2 5.6604E-2 5.65117E-2 5.54728E-2 5.34985E-2 5.52159E-2 6.14558E-2 5.84238E-2 5.83614E-2 5.62615E-2 5.45334E-2 5.6169E-2 5.3427E-2 5.13919E-2 4.97315E-2 4.76306E-2 4.50482E-2 4.31675E-2
