RStudio/Xiphophorus/MaxEnt Models/Xiphophorus cortezi/Xiphophorus_cortezi.asc
ncols         432
nrows         590
xllcorner     -101.36634685401
yllcorner     19.040437502918
cellsize      0.008333332798
NODATA_value  -9999
[rows 162 to 188 of 590, columns 366 to 426 of 432]
1.62226E-2 1.59587E-2 1.66542E-2 1.62516E-2 1.56741E-2 1.50899E-2 1.49477E-2 1.44507E-2 1.39805E-2 1.36571E-2 1.34654E-2 1.32178E-2 1.28516E-2 1.23663E-2 -9999 -9999 -9999 -9999 -9999 -9999 -9999 -9999 -9999 -9999 -9999 -9999 -9999 -9999 -9999 -9999 -9999 -9999 -9999 -9999 -9999 -9999 -9999 -9999 -9999 -9999 -9999 -9999 -9999 -9999 -9999 -9999 -9999 -9999 -9999 -9999 -9999 -9999 -9999 -9999 -9999 -9999 -9999 -9999 -9999 -9999 -9999
1.48943E-2 1.42635E-2 1.4874E-2 1.43434E-2 1.40554E-2 1.3436E-2 1.32939E-2 1.2867E-2 1.2597E-2 1.22258E-2 1.19892E-2 1.16628E-2 1.13609E-2 1.08665E-2 9.8152E-3 9.36853E-3 8.99159E-3 8.71968E-3 8.39795E-3 8.06974E-3 7.59284E-3 7.17286E-3 -9999 -9999 -9999 -9999 -9999 -9999 -9999 -9999 -9999 -9999 -9999 -9999 -9999 -9999 -9999 -9999 -9999 -9999 -9999 -9999 -9999 -9999 -9999 -9999 -9999 -9999 -9999 -9999 -9999 -9999 -9999 -9999 -9999 -9999 -9999 -9999 -9999 -9999 -9999
1.44368E-2 1.39649E-2 1.41174E-2 1.37675E-2 1.34724E-2 1.30368E-2 1.27774E-2 1.2435E-2 1.21115E-2 1.16697E-2 1.14763E-2 1.10886E-2 1.0647E-2 1.02025E-2 9.22727E-3 8.79384E-3 8.41529E-3 8.09039E-3 7.82926E-3 7.49139E-3 7.14171E-3 6.83943E-3 -9999 -9999 -9999 -9999 -9999 -9999 -9999 -9999 -9999 -9999 -9999 -9999 -9999 -9999 -9999 -9999 -9999 -9999 -9999 -9999 -9999 -9999 -9999 -9999 -9999 -9999 -9999 -9999 -9999 -9999 -9999 -9999 -9999 -9999 -9999 -9999 -9999 -9999 -9999
1.39568E-2 1.3485E-2 1.38323E-2 1.32253E-2 1.28656E-2 1.26412E-2 1.23031E-2 1.2006E-2 1.16931E-2 1.12468E-2 1.10255E-2 1.05475E-2 1.004E-2 9.573E-3 8.6632E-3 8.34269E-3 7.92919E-3 7.53504E-3 7.19663E-3 6.81372E-3 6.68925E-3 6.47801E-3 -9999 -9999 -9999 -9999 -9999 -9999 -9999 -9999 -9999 -9999 -9999 -9999 -9999 -9999 -9999 -9999 -9999 -9999 -9999 -9999 -9999 -9999 -9999 -9999 -9999 -9999 -9999 -9999 -9999 -9999 -9999 -9999 -9999 -9999 -9999 -9999 -9999 -9999 -9999
1.34084E-2 1.3045E-2 1.33342E-2 1.28172E-2 1.24621E-2 1.2151E-2 1.1815E-2 1.15183E-2 1.11193E-2 1.07753E-2 1.04937E-2 1.01259E-2 9.58354E-3 9.08754E-3 8.17216E-3 7.83273E-3 7.4472E-3 7.10523E-3 6.76112E-3 6.42552E-3 6.25861E-3 6.04747E-3 -9999 -9999 -9999 -9999 -9999 -9999 -9999 -9999 -9999 -9999 -9999 -9999 -9999 -9999 -9999 -9999 -9999 -9999 -9999 -9999 -9999 -9999 -9999 -9999 -9999 -9999 -9999 -9999 -9999 -9999 -9999 -9999 -9999 -9999 -9999 -9999 -9999 -9999 -9999
1.29091E-2 1.2595E-2 1.29655E-2 1.2497E-2 1.20121E-2 1.17033E-2 1.1365E-2 1.10472E-2 1.06469E-2 1.03187E-2 9.94114E-3 9.53236E-3 9.14635E-3 8.699E-3 7.797E-3 7.40959E-3 7.02853E-3 6.68997E-3 6.37675E-3 6.06925E-3 5.87556E-3 5.64839E-3 -9999 -9999 -9999 -9999 -9999 -9999 -9999 -9999 -9999 -9999 -9999 -9999 -9999 -9999 -9999 -9999 -9999 -9999 -9999 -9999 -9999 -9999 -9999 -9999 -9999 -9999 -9999 -9999 -9999 -9999 -9999 -9999 -9999 -9999 -9999 -9999 -9999 -9999 -9999
1.25043E-2 1.21061E-2 1.24436E-2 1.20287E-2 1.16709E-2 1.12437E-2 1.09572E-2 1.06125E-2 1.024E-2 9.79999E-3 9.54937E-3 9.11916E-3 8.73761E-3 8.3578E-3 7.46611E-3 7.03818E-3 6.63452E-3 6.31424E-3 5.99372E-3 5.72865E-3 5.5038E-3 5.28185E-3 -9999 -9999 -9999 -9999 -9999 -9999 -9999 -9999 -9999 -9999 -9999 -9999 -9999 -9999 -9999 -9999 -9999 -9999 -9999 -9999 -9999 -9999 -9999 -9999 -9999 -9999 -9999 -9999 -9999 -9999 -9999 -9999 -9999 -9999 -9999 -9999 -9999 -9999 -9999
1.21598E-2 1.17072E-2 1.19411E-2 1.1601E-2 1.12897E-2 1.08431E-2 1.05556E-2 1.02155E-2 9.87036E-3 9.414E-3 9.09258E-3 8.68136E-3 8.32558E-3 7.89984E-3 7.07588E-3 6.67522E-3 6.30233E-3 5.96292E-3 5.67494E-3 5.36708E-3 5.10959E-3 4.98234E-3 5.1393E-3 -9999 -9999 -9999 -9999 -9999 -9999 -9999 -9999 -9999 -9999 -9999 -9999 -9999 -9999 -9999 -9999 -9999 -9999 -9999 -9999 -9999 -9999 -9999 -9999 -9999 -9999 -9999 -9999 -9999 -9999 -9999 -9999 -9999 -9999 -9999 -9999 -9999 -9999
1.19193E-2 1.13659E-2 1.15783E-2 1.11855E-2 1.08287E-2 1.0458E-2 1.01242E-2 9.79944E-3 9.56398E-3 9.18737E-3 8.72272E-3 8.27155E-3 7.86102E-3 7.46108E-3 6.70225E-3 6.34222E-3 5.9944E-3 5.65352E-3 5.38514E-3 5.09644E-3 4.85537E-3 4.56365E-3 4.65294E-3 4.36899E-3 -9999 -9999 -9999 -9999 -9999 -9999 -9999 -9999 -9999 -9999 -9999 -9999 -9999 -9999 -9999 -9999 -9999 -9999 -9999 -9999 -9999 -9999 -9999 -9999 -9999 -9999 -9999 -9999 -9999 -9999 -9999 -9999 -9999 -9999 -9999 -9999 -9999
1.15391E-2 1.11007E-2 1.12474E-2 1.08985E-2 1.0542E-2 1.01095E-2 9.87626E-3 9.46238E-3 9.22537E-3 8.86273E-3 8.38596E-3 7.97708E-3 7.63501E-3 7.1525E-3 6.40021E-3 6.06087E-3 5.71689E-3 5.39407E-3 5.12125E-3 4.84946E-3 4.61407E-3 4.38095E-3 4.22695E-3 3.94404E-3 -9999 -9999 2.74265E-3 -9999 -9999 -9999 -9999 -9999 -9999 -9999 -9999 -9999 -9999 -9999 -9999 -9999 -9999 -9999 -9999 -9999 -9999 -9999 -9999 -9999 -9999 -9999 -9999 -9999 -9999 -9999 -9999 -9999 -9999 -9999 -9999 -9999 -9999
1.13083E-2 1.08614E-2 1.10145E-2 1.05954E-2 1.03067E-2 9.81765E-3 9.45167E-3 9.14515E-3 8.86366E-3 8.55155E-3 8.0866E-3 7.60106E-3 7.29697E-3 6.94673E-3 6.10425E-3 5.78199E-3 5.44969E-3 5.1252E-3 4.85942E-3 4.61658E-3 4.37567E-3 4.18631E-3 3.90752E-3 3.83881E-3 3.85127E-3 3.48183E-3 2.61245E-3 -9999 -9999 -9999 -9999 -9999 -9999 -9999 -9999 -9999 -9999 -9999 -9999 -9999 -9999 -9999 -9999 -9999 -9999 -9999 -9999 -9999 -9999 -9999 -9999 -9999 -9999 -9999 -9999 -9999 -9999 -9999 -9999 -9999 -9999
1.10583E-2 1.05819E-2 1.07617E-2 1.03434E-2 9.9732E-3 9.67911E-3 9.25744E-3 8.91375E-3 8.51069E-3 8.20351E-3 7.86057E-3 7.35154E-3 7.02404E-3 6.51428E-3 5.86918E-3 5.56367E-3 5.20161E-3 4.87806E-3 4.61077E-3 4.37696E-3 4.16253E-3 3.95848E-3 3.7741E-3 3.55265E-3 3.47343E-3 3.24303E-3 2.44979E-3 2.30233E-3 -9999 -9999 -9999 -9999 -9999 -9999 -9999 -9999 -9999 -9999 -9999 -9999 -9999 -9999 -9999 -9999 -9999 -9999 -9999 -9999 -9999 -9999 -9999 -9999 -9999 -9999 -9999 -9999 -9999 -9999 -9999 -9999 -9999
1.08808E-2 1.04577E-2 1.06006E-2 1.01826E-2 9.82079E-3 9.52863E-3 9.08668E-3 8.72849E-3 8.35117E-3 7.95752E-3 7.50791E-3 7.05758E-3 6.73543E-3 6.22473E-3 5.67145E-3 5.345E-3 5.0201E-3 4.66131E-3 4.39352E-3 4.17703E-3 3.9618E-3 3.76446E-3 3.60826E-3 3.38562E-3 3.29513E-3 3.05149E-3 2.22901E-3 2.17445E-3 1.97271E-3 1.89172E-3 1.80115E-3 1.72953E-3 -9999 -9999 -9999 -9999 -9999 -9999 -9999 -9999 -9999 -9999 -9999 -9999 -9999 -9999 -9999 -9999 -9999 -9999 -9999 -9999 -9999 -9999 -9999 -9999 -9999 -9999 -9999 -9999 -9999
1.00014E-2 9.59986E-3 8.05199E-3 7.65452E-3 7.45319E-3 7.11452E-3 6.87941E-3 6.54071E-3 6.26911E-3 5.92666E-3 5.62001E-3 5.29465E-3 4.99644E-3 4.69224E-3 4.54468E-3 4.27576E-3 4.009E-3 3.72479E-3 3.50895E-3 3.32777E-3 3.16916E-3 3.00355E-3 2.8424E-3 2.7013E-3 2.54041E-3 2.3577E-3 2.23411E-3 2.28478E-3 1.99236E-3 1.90684E-3 1.77435E-3 1.6985E-3 1.62227E-3 -9999 -9999 -9999 -9999 -9999 -9999 -9999 -9999 -9999 -9999 -9999 -9999 -9999 -9999 -9999 -9999 -9999 -9999 -9999 -9999 -9999 -9999 -9999 -9999 -9999 -9999 -9999 -9999
9.79003E-3 9.46364E-3 7.8955E-3 7.50406E-3 7.34014E-3 6.91711E-3 6.68803E-3 6.35312E-3 6.05249E-3 5.76112E-3 5.48102E-3 5.16278E-3 4.83066E-3 4.58012E-3 4.39161E-3 4.11584E-3 3.86059E-3 3.59056E-3 3.36771E-3 3.19462E-3 3.04236E-3 2.87791E-3 2.72175E-3 2.58182E-3 2.41777E-3 2.46663E-3 2.12401E-3 2.13364E-3 1.90058E-3 1.78164E-3 1.68234E-3 1.56984E-3 1.51398E-3 1.44504E-3 -9999 -9999 -9999 -9999 -9999 -9999 -9999 -9999 -9999 -9999 -9999 -9999 -9999 -9999 -9999 -9999 -9999 -9999 -9999 -9999 -9999 -9999 -9999 -9999 -9999 -9999 -9999
9.72381E-3 9.24095E-3 7.716E-3 7.53076E-3 7.20447E-3 6.82349E-3 6.55407E-3 6.29236E-3 5.95397E-3 5.58908E-3 5.33756E-3 5.00296E-3 4.69293E-3 4.44227E-3 4.25277E-3 3.97045E-3 3.70989E-3 3.47739E-3 3.27788E-3 3.07932E-3 2.92536E-3 2.75553E-3 2.61751E-3 2.46474E-3 2.2748E-3 2.21762E-3 1.9779E-3 1.86323E-3 1.75451E-3 1.65604E-3 1.56483E-3 1.47038E-3 1.40796E-3 1.34953E-3 1.30485E-3 1.25788E-3 1.18715E-3 -9999 -9999 -9999 -9999 -9999 -9999 -9999 -9999 -9999 -9999 -9999 -9999 -9999 -9999 -9999 -9999 -9999 -9999 -9999 -9999 -9999 -9999 -9999 -9999
9.49152E-3 9.18979E-3 7.68232E-3 7.39727E-3 7.08554E-3 6.73093E-3 6.50767E-3 6.14755E-3 5.80876E-3 5.47876E-3 5.19642E-3 4.84862E-3 4.54035E-3 4.28099E-3 4.10035E-3 3.82999E-3 3.57255E-3 3.35307E-3 3.16759E-3 2.96494E-3 2.82439E-3 2.64285E-3 2.50486E-3 2.33463E-3 2.23641E-3 2.30092E-3 1.86314E-3 1.75638E-3 1.64252E-3 1.51785E-3 1.45186E-3 1.37714E-3 1.29774E-3 1.23802E-3 1.19474E-3 1.15828E-3 1.08935E-3 1.04793E-3 1.20545E-3 -9999 -9999 -9999 -9999 -9999 -9999 -9999 -9999 -9999 -9999 -9999 -9999 -9999 -9999 -9999 -9999 -9999 -9999 -9999 -9999 -9999 -9999
9.63799E-3 9.2867E-3 7.79035E-3 7.49567E-3 7.2139E-3 6.72198E-3 6.4198E-3 6.03147E-3 5.7148E-3 5.34863E-3 5.11592E-3 4.738E-3 4.42954E-3 4.14326E-3 3.97028E-3 3.70994E-3 3.45486E-3 3.26245E-3 3.05947E-3 2.89406E-3 2.71855E-3 2.54538E-3 2.36402E-3 2.23582E-3 2.10598E-3 2.00398E-3 1.75858E-3 1.6671E-3 1.56234E-3 1.4389E-3 1.36906E-3 1.29158E-3 1.22001E-3 1.15775E-3 1.09685E-3 1.05632E-3 1.00542E-3 9.69798E-4 1.10771E-3 1.06182E-3 -9999 -9999 -9999 -9999 -9999 -9999 -9999 -9999 -9999 -9999 -9999 -9999 -9999 -9999 -9999 -9999 -9999 -9999 -9999 -9999 -9999
9.58707E-3 9.42151E-3 7.94788E-3 7.62592E-3 7.2244E-3 6.88185E-3 6.51073E-3 6.12134E-3 5.79189E-3 5.35342E-3 5.02486E-3 4.69785E-3 4.48927E-3 4.17448E-3 4.00195E-3 3.72549E-3 3.38984E-3 3.16048E-3 2.98203E-3 2.78862E-3 2.61972E-3 2.43891E-3 2.25541E-3 2.12032E-3 1.96616E-3 1.82044E-3 1.6796E-3 1.56762E-3 1.47817E-3 1.37448E-3 1.31086E-3 1.21367E-3 1.14639E-3 1.08667E-3 1.0268E-3 9.85385E-4 9.33384E-4 9.0646E-4 1.01004E-3 9.65899E-4 9.25436E-4 -9999 -9999 -9999 -9999 -9999 -9999 -9999 -9999 -9999 -9999 -9999 -9999 -9999 -9999 -9999 -9999 -9999 -9999 -9999 -9999
9.56376E-3 9.31346E-3 7.87228E-3 7.61759E-3 7.31351E-3 6.93944E-3 6.64424E-3 6.26501E-3 5.82032E-3 5.43646E-3 5.08391E-3 4.76554E-3 4.49227E-3 4.21513E-3 4.01727E-3 3.70917E-3 3.42425E-3 3.09997E-3 2.87596E-3 2.71732E-3 2.51842E-3 2.35424E-3 2.16625E-3 1.99669E-3 1.86717E-3 1.74107E-3 1.59614E-3 1.469E-3 1.36657E-3 1.29791E-3 1.22582E-3 1.14746E-3 1.07768E-3 1.01876E-3 9.63023E-4 9.1381E-4 8.73091E-4 8.42579E-4 9.34016E-4 8.92217E-4 8.60258E-4 -9999 -9999 -9999 -9999 -9999 -9999 -9999 -9999 -9999 -9999 -9999 -9999 -9999 -9999 -9999 -9999 -9999 -9999 -9999 -9999
9.38611E-3 9.18524E-3 7.73438E-3 7.55601E-3 7.4468E-3 7.08212E-3 6.75716E-3 6.33842E-3 5.8897E-3 5.53263E-3 5.16569E-3 4.84439E-3 4.54528E-3 4.25983E-3 4.06999E-3 3.7186E-3 3.40813E-3 3.13048E-3 2.83793E-3 2.62013E-3 2.45879E-3 2.26559E-3 2.0814E-3 1.93696E-3 1.7851E-3 1.65156E-3 1.45536E-3 1.41656E-3 1.32141E-3 1.24455E-3 1.16107E-3 1.08287E-3 1.00783E-3 9.52924E-4 9.00311E-4 8.5776E-4 8.19549E-4 7.83543E-4 8.61436E-4 8.27698E-4 7.99427E-4 7.71477E-4 -9999 -9999 -9999 -9999 -9999 -9999 -9999 -9999 -9999 -9999 -9999 -9999 -9999 -9999 -9999 -9999 -9999 -9999 -9999
9.41543E-3 9.07209E-3 7.69474E-3 7.53655E-3 7.39979E-3 7.16735E-3 6.83264E-3 6.43372E-3 6.03321E-3 5.64172E-3 5.25963E-3 4.92437E-3 4.58767E-3 4.30838E-3 4.10086E-3 3.73387E-3 3.42274E-3 3.10848E-3 2.85338E-3 2.57978E-3 2.37072E-3 2.1856E-3 2.01316E-3 1.88517E-3 1.75023E-3 1.58894E-3 1.42967E-3 1.35542E-3 1.27103E-3 1.18703E-3 1.09789E-3 1.02094E-3 9.52309E-4 8.9262E-4 8.40553E-4 8.03311E-4 7.66951E-4 7.39458E-4 8.08737E-4 7.71131E-4 7.47721E-4 7.17296E-4 7.01361E-4 -9999 -9999 -9999 -9999 -9999 -9999 -9999 -9999 -9999 -9999 -9999 -9999 -9999 -9999 -9999 -9999 -9999 -9999
9.55321E-3 9.06738E-3 7.68744E-3 7.5853E-3 7.41692E-3 7.2223E-3 6.94927E-3 6.53133E-3 6.13427E-3 5.76523E-3 5.39964E-3 4.98425E-3 4.66155E-3 4.36345E-3 4.12715E-3 3.76063E-3 3.41406E-3 3.12082E-3 2.83277E-3 2.58287E-3 2.37509E-3 2.1865E-3 1.97245E-3 1.81647E-3 0E0 1.54764E-3 1.39239E-3 1.30364E-3 1.21271E-3 1.12012E-3 1.02564E-3 9.60007E-4 8.9193E-4 8.38689E-4 7.87974E-4 7.47562E-4 7.04131E-4 6.66862E-4 7.57761E-4 7.24542E-4 7.00604E-4 6.82366E-4 6.60327E-4 6.41935E-4 6.25513E-4 -9999 -9999 -9999 -9999 -9999 -9999 -9999 -9999 -9999 -9999 -9999 -9999 -9999 -9999 -9999 -9999
9.49374E-3 9.06362E-3 7.69979E-3 7.58299E-3 7.42715E-3 7.22918E-3 6.99209E-3 6.66047E-3 6.27756E-3 5.84498E-3 5.48483E-3 5.06471E-3 4.75645E-3 4.44011E-3 4.16983E-3 3.78297E-3 3.44453E-3 3.12516E-3 2.84357E-3 2.60236E-3 2.38981E-3 2.16505E-3 1.97829E-3 1.78081E-3 1.62975E-3 1.49348E-3 1.36653E-3 1.26509E-3 1.16968E-3 1.07446E-3 9.79832E-4 9.16217E-4 8.51463E-4 7.94356E-4 7.42666E-4 6.99883E-4 6.52233E-4 6.23734E-4 7.12184E-4 6.82344E-4 6.62244E-4 6.473E-4 6.31594E-4 6.11052E-4 5.90779E-4 5.75044E-4 -9999 -9999 -9999 -9999 -9999 -9999 -9999 -9999 -9999 -9999 -9999 -9999 -9999 -9999 -9999
9.33523E-3 8.97478E-3 7.71961E-3 7.5872E-3 7.41329E-3 7.21228E-3 6.94163E-3 6.71815E-3 6.34549E-3 5.91366E-3 5.55983E-3 5.16664E-3 4.84228E-3 4.50889E-3 4.20979E-3 3.82793E-3 3.478E-3 3.15237E-3 2.87194E-3 2.62298E-3 2.39802E-3 2.17281E-3 1.95974E-3 1.78384E-3 1.63076E-3 1.4641E-3 1.32346E-3 1.22064E-3 1.12797E-3 1.04097E-3 9.66227E-4 8.90388E-4 8.21289E-4 7.61459E-4 7.0862E-4 6.49712E-4 6.08944E-4 5.88283E-4 6.72404E-4 6.5143E-4 6.32119E-4 6.16188E-4 6.02271E-4 5.82712E-4 5.65088E-4 5.45489E-4 -9999 -9999 -9999 -9999 -9999 -9999 -9999 -9999 -9999 -9999 -9999 -9999 -9999 -9999 -9999
9.80876E-3 9.65544E-3 8.97888E-3 8.74688E-3 8.4479E-3 8.22824E-3 8.02652E-3 7.72459E-3 7.46054E-3 6.98233E-3 6.56962E-3 6.19949E-3 5.67618E-3 5.20356E-3 4.04658E-3 3.6658E-3 3.35286E-3 3.05988E-3 2.78308E-3 2.54604E-3 2.31956E-3 2.09183E-3 1.8884E-3 1.71826E-3 1.5467E-3 1.40722E-3 1.22681E-3 1.12056E-3 1.03856E-3 9.60699E-4 8.87769E-4 8.19529E-4 7.53187E-4 7.03264E-4 6.51524E-4 5.89439E-4 5.51021E-4 5.31269E-4 5.06291E-4 4.91153E-4 4.7744E-4 4.65828E-4 4.53186E-4 4.40119E-4 4.27134E-4 4.15745E-4 4.04628E-4 -9999 -9999 -9999 -9999 -9999 -9999 -9999 -9999 -9999 -9999 -9999 -9999 -9999 -9999
1.00821E-2 9.74469E-3 8.97137E-3 8.72958E-3 8.51926E-3 8.33636E-3 8.10073E-3 7.77936E-3 7.50978E-3 7.15503E-3 6.67539E-3 6.27475E-3 5.85523E-3 5.29728E-3 4.15551E-3 3.71747E-3 3.40108E-3 3.09837E-3 2.82411E-3 2.58227E-3 2.32765E-3 2.10247E-3 1.90938E-3 1.72228E-3 1.55432E-3 1.39717E-3 1.23225E-3 1.10124E-3 1.02046E-3 9.37793E-4 8.64553E-4 8.05634E-4 7.44067E-4 6.9142E-4 6.30114E-4 5.79961E-4 5.43057E-4 5.18459E-4 4.90059E-4 4.73138E-4 4.59226E-4 4.46653E-4 4.3533E-4 4.21907E-4 4.07738E-4 3.98757E-4 3.90686E-4 3.77727E-4 -9999 -9999 -9999 -9999 -9999 -9999 -9999 -9999 -9999 -9999 -9999 -9999 -9999
