RStudio/Xiphophorus/MaxEnt Models/Xiphophorus cortezi/Xiphophorus_cortezi.asc
ncols         432
nrows         590
xllcorner     -101.36634685401
yllcorner     19.040437502918
cellsize      0.008333332798
NODATA_value  -9999
[rows 270 to 296 of 590, columns 305 to 365 of 432]
5.30412E-1 5.04354E-1 4.85067E-1 4.56182E-1 4.37356E-1 4.12031E-1 3.87138E-1 3.62602E-1 3.33892E-1 2.99663E-1 2.67748E-1 2.42122E-1 2.10748E-1 1.87478E-1 1.65631E-1 1.46359E-1 1.29981E-1 1.08566E-1 9.99011E-2 8.24594E-2 6.72555E-2 5.40143E-2 4.49237E-2 3.92825E-2 3.3612E-2 2.96158E-2 2.64659E-2 2.43148E-2 2.21714E-2 2.08268E-2 2.00861E-2 1.96883E-2 1.89151E-2 1.85662E-2 1.85879E-2 1.83387E-2 1.8229E-2 1.79163E-2 1.78812E-2 1.81902E-2 1.81872E-2 1.80891E-2 1.7785E-2 1.7492E-2 1.71087E-2 1.59496E-2 1.47513E-2 1.38606E-2 1.31785E-2 1.24972E-2 1.22186E-2 1.23698E-2 1.23479E-2 1.23474E-2 1.2356E-2 1.24357E-2 1.23964E-2 1.22302E-2 1.30961E-2 1.32044E-2 1.33922E-2
6.0577E-1 5.82684E-1 5.5962E-1 5.15132E-1 4.95657E-1 4.64386E-1 4.34677E-1 4.01819E-1 3.68999E-1 3.34926E-1 2.97462E-1 2.60012E-1 2.33704E-1 2.01786E-1 1.85174E-1 1.57567E-1 1.40076E-1 1.20812E-1 1.00203E-1 8.03936E-2 7.28606E-2 6.52235E-2 5.41877E-2 4.45385E-2 3.84705E-2 3.29098E-2 2.95103E-2 2.77966E-2 2.56609E-2 2.38261E-2 2.27601E-2 2.21091E-2 2.1553E-2 2.13954E-2 2.10548E-2 2.09542E-2 2.08172E-2 2.06072E-2 2.05512E-2 2.06379E-2 2.03281E-2 2.00107E-2 1.96549E-2 1.94805E-2 1.86616E-2 1.74456E-2 1.61326E-2 1.51231E-2 1.4227E-2 1.37087E-2 1.34913E-2 1.31091E-2 1.31347E-2 1.31132E-2 1.30216E-2 1.29603E-2 1.32426E-2 1.32203E-2 1.36769E-2 1.39243E-2 1.40624E-2
6.09385E-1 5.66766E-1 5.86833E-1 5.50674E-1 5.27072E-1 4.95253E-1 4.68556E-1 4.36015E-1 3.89231E-1 3.58038E-1 3.13411E-1 2.76947E-1 2.47272E-1 2.14295E-1 1.89332E-1 1.73492E-1 1.47554E-1 1.32099E-1 1.01447E-1 8.08845E-2 7.23073E-2 6.30925E-2 5.40063E-2 4.80803E-2 4.09899E-2 3.61346E-2 3.2411E-2 3.04418E-2 2.81246E-2 2.63318E-2 2.54728E-2 2.45671E-2 2.39148E-2 2.3435E-2 2.29814E-2 2.27363E-2 2.29293E-2 2.28096E-2 2.217E-2 2.23301E-2 2.19676E-2 2.15343E-2 2.119E-2 2.07885E-2 1.95641E-2 1.81506E-2 1.69508E-2 1.58082E-2 1.49808E-2 1.43813E-2 1.42256E-2 1.36854E-2 1.38111E-2 1.38183E-2 1.35754E-2 1.35878E-2 1.36012E-2 1.36738E-2 1.43811E-2 1.45603E-2 1.44322E-2
7.21647E-1 6.66931E-1 5.88564E-1 5.30462E-1 5.37708E-1 5.17346E-1 4.93555E-1 4.57712E-1 4.27623E-1 3.79262E-1 3.27911E-1 2.90568E-1 2.54066E-1 2.21319E-1 1.97659E-1 1.78677E-1 1.7091E-1 1.43219E-1 1.21306E-1 8.85644E-2 7.63756E-2 6.69982E-2 5.85206E-2 5.08633E-2 4.49666E-2 4.00398E-2 3.59003E-2 3.36661E-2 3.15747E-2 2.95909E-2 2.84723E-2 2.74491E-2 2.67919E-2 2.61308E-2 2.5386E-2 2.51223E-2 2.51634E-2 2.49312E-2 2.39819E-2 2.38195E-2 2.35202E-2 2.31465E-2 2.28683E-2 2.1958E-2 2.06338E-2 1.91619E-2 1.78579E-2 1.6828E-2 1.60336E-2 1.52187E-2 1.47529E-2 1.44241E-2 1.42966E-2 1.44564E-2 1.44197E-2 1.39289E-2 1.46669E-2 1.43635E-2 1.45047E-2 1.46987E-2 1.45377E-2
7.51404E-1 7.22255E-1 6.7832E-1 5.9524E-1 5.6577E-1 5.51588E-1 5.16946E-1 4.80278E-1 4.47394E-1 4.17716E-1 3.67826E-1 3.06866E-1 2.65298E-1 2.25019E-1 2.00361E-1 1.81276E-1 1.81841E-1 1.50068E-1 1.34108E-1 9.5927E-2 8.17273E-2 7.24049E-2 6.2891E-2 5.54052E-2 4.91947E-2 4.42384E-2 3.98263E-2 3.73921E-2 3.50572E-2 3.34927E-2 3.19283E-2 3.09558E-2 2.98559E-2 2.90006E-2 2.8322E-2 2.78577E-2 2.77509E-2 2.66131E-2 2.60965E-2 2.58183E-2 2.52845E-2 2.51419E-2 2.4908E-2 2.3345E-2 2.20608E-2 2.04414E-2 1.90539E-2 1.7944E-2 1.69791E-2 1.62247E-2 1.5456E-2 1.50346E-2 1.50721E-2 1.48047E-2 1.50235E-2 1.4726E-2 1.4633E-2 1.48732E-2 1.49244E-2 1.50829E-2 1.49473E-2
7.79571E-1 7.51231E-1 7.16529E-1 6.46643E-1 5.30008E-1 5.04748E-1 5.14328E-1 4.70399E-1 4.63787E-1 4.29874E-1 3.72359E-1 3.27609E-1 2.91309E-1 2.50376E-1 2.15596E-1 1.78568E-1 1.57968E-1 1.39555E-1 1.23814E-1 1.04567E-1 9.23508E-2 8.05408E-2 6.9569E-2 6.08828E-2 5.40031E-2 4.89006E-2 4.37063E-2 4.17355E-2 3.90803E-2 3.71742E-2 3.58296E-2 3.45468E-2 3.33897E-2 3.18861E-2 3.141E-2 3.07975E-2 2.94608E-2 2.89649E-2 2.86036E-2 2.82105E-2 2.75532E-2 2.74912E-2 2.64882E-2 2.57827E-2 2.37287E-2 2.19345E-2 2.04831E-2 1.91025E-2 1.80549E-2 1.70575E-2 1.6219E-2 1.58475E-2 1.58302E-2 1.57853E-2 1.55115E-2 1.51907E-2 1.50215E-2 1.50278E-2 1.50953E-2 1.52543E-2 1.5242E-2
8.08433E-1 7.80462E-1 7.48878E-1 6.44301E-1 5.65465E-1 5.64838E-1 5.16728E-1 5.01739E-1 4.95193E-1 4.51592E-1 4.17087E-1 3.91361E-1 3.56536E-1 2.93587E-1 2.45418E-1 1.94941E-1 1.70823E-1 1.49481E-1 1.30505E-1 1.15194E-1 1.01526E-1 8.74789E-2 7.62711E-2 6.76054E-2 6.01403E-2 5.36197E-2 4.89537E-2 4.76029E-2 4.42648E-2 4.18924E-2 3.97875E-2 3.88358E-2 3.78897E-2 3.51862E-2 3.47533E-2 3.32271E-2 3.20938E-2 3.1547E-2 3.17157E-2 3.17438E-2 3.0872E-2 2.98102E-2 2.89863E-2 2.75797E-2 2.53724E-2 2.3431E-2 2.17293E-2 2.0285E-2 1.90341E-2 1.78566E-2 1.69772E-2 1.65679E-2 1.6527E-2 1.62224E-2 1.60082E-2 1.5855E-2 1.55571E-2 1.52419E-2 1.54862E-2 1.58245E-2 1.57215E-2
8.23737E-1 7.5297E-1 6.75178E-1 5.94583E-1 6.09005E-1 5.72993E-1 5.80605E-1 5.52383E-1 5.19828E-1 4.6903E-1 4.39825E-1 4.0394E-1 3.67119E-1 3.1803E-1 2.66996E-1 2.41568E-1 2.0844E-1 1.62395E-1 1.43656E-1 1.26458E-1 1.09879E-1 9.65077E-2 8.55192E-2 7.53945E-2 6.6887E-2 5.98875E-2 5.59656E-2 5.39958E-2 5.10243E-2 4.7671E-2 4.52237E-2 4.35936E-2 4.22361E-2 4.0228E-2 3.85143E-2 3.70231E-2 3.59347E-2 3.56637E-2 3.56941E-2 3.50213E-2 3.32191E-2 3.31921E-2 3.16661E-2 2.91475E-2 2.69059E-2 2.48194E-2 2.2702E-2 2.12215E-2 2.00216E-2 1.88062E-2 1.77893E-2 1.73778E-2 1.69139E-2 1.66658E-2 1.65226E-2 1.61711E-2 1.60647E-2 1.67207E-2 1.60048E-2 1.62001E-2 1.59712E-2
7.24283E-1 5.16458E-1 5.1554E-1 5.39791E-1 5.40039E-1 5.8634E-1 5.81446E-1 5.82825E-1 5.4596E-1 4.84961E-1 4.6989E-1 4.30038E-1 3.85723E-1 3.54199E-1 3.19431E-1 2.70141E-1 2.40256E-1 1.77479E-1 1.55542E-1 1.37435E-1 1.21043E-1 1.07091E-1 9.47913E-2 8.37937E-2 7.49589E-2 6.75939E-2 6.31156E-2 6.13005E-2 5.75454E-2 5.38089E-2 5.10072E-2 4.85582E-2 4.62204E-2 4.46516E-2 4.17843E-2 4.03542E-2 4.12937E-2 4.16171E-2 4.01019E-2 3.86662E-2 3.66972E-2 3.57903E-2 3.36412E-2 3.07233E-2 2.82516E-2 2.59675E-2 2.40409E-2 2.25471E-2 2.09676E-2 1.97598E-2 1.86745E-2 1.77605E-2 1.72471E-2 1.71411E-2 1.7173E-2 1.70529E-2 1.66176E-2 1.72133E-2 1.65617E-2 1.69353E-2 1.64375E-2
6.62541E-1 5.31948E-1 5.4019E-1 6.04722E-1 6.08734E-1 5.48951E-1 5.66648E-1 5.90587E-1 6.01157E-1 5.35738E-1 4.94267E-1 4.61574E-1 4.14679E-1 3.71242E-1 3.39891E-1 2.95527E-1 2.54066E-1 1.99924E-1 1.66592E-1 1.47913E-1 1.32243E-1 1.17998E-1 1.04613E-1 9.35511E-2 8.08596E-2 7.40931E-2 6.99393E-2 6.64952E-2 6.2366E-2 5.86674E-2 5.60508E-2 5.30773E-2 5.29082E-2 4.83569E-2 4.7508E-2 4.60178E-2 4.8137E-2 4.79415E-2 4.51303E-2 4.24757E-2 3.9916E-2 3.76416E-2 3.55202E-2 3.24715E-2 2.99918E-2 2.76715E-2 2.5796E-2 2.36971E-2 2.22555E-2 2.09939E-2 1.99561E-2 1.8864E-2 1.79519E-2 1.77854E-2 1.78333E-2 1.77096E-2 1.74685E-2 1.73295E-2 1.73056E-2 1.78014E-2 1.73821E-2
5.54348E-1 6.4096E-1 6.87939E-1 6.55561E-1 6.46941E-1 6.29456E-1 5.96153E-1 6.11301E-1 6.21496E-1 5.75983E-1 5.2467E-1 4.86073E-1 4.48993E-1 3.99556E-1 3.63699E-1 3.08399E-1 2.80022E-1 2.12234E-1 1.80555E-1 1.61416E-1 1.44382E-1 1.29423E-1 1.14883E-1 1.02751E-1 9.2795E-2 8.44155E-2 7.71266E-2 7.40488E-2 6.90382E-2 6.50519E-2 6.29123E-2 5.78701E-2 6.0161E-2 5.46806E-2 5.20749E-2 5.30834E-2 5.68178E-2 5.50067E-2 5.20433E-2 4.72362E-2 4.3128E-2 4.04478E-2 3.72363E-2 3.46266E-2 3.20286E-2 2.92957E-2 2.68692E-2 2.47964E-2 2.33846E-2 2.20208E-2 2.09578E-2 1.94361E-2 1.87424E-2 1.84939E-2 1.8522E-2 1.84855E-2 1.82231E-2 1.82761E-2 1.79907E-2 1.80774E-2 1.79918E-2
5.46169E-1 6.11781E-1 6.30941E-1 6.61478E-1 6.39969E-1 6.07387E-1 6.20821E-1 6.31952E-1 6.54745E-1 6.23408E-1 5.61001E-1 5.311E-1 4.80198E-1 4.3515E-1 3.88595E-1 3.39319E-1 3.10322E-1 2.43288E-1 2.01127E-1 1.79701E-1 1.58866E-1 1.41028E-1 1.27038E-1 1.12415E-1 1.01393E-1 9.36283E-2 8.57192E-2 8.2632E-2 8.05696E-2 7.65305E-2 7.17731E-2 6.80782E-2 6.93772E-2 6.54639E-2 6.04364E-2 6.51809E-2 6.56081E-2 6.54964E-2 5.50529E-2 5.10986E-2 4.64382E-2 4.30687E-2 3.9541E-2 3.7029E-2 3.33287E-2 3.02575E-2 2.80002E-2 2.63162E-2 2.4481E-2 2.28924E-2 2.16017E-2 2.05126E-2 1.99826E-2 1.94093E-2 1.9506E-2 1.94289E-2 1.90643E-2 1.9056E-2 1.85924E-2 1.87076E-2 1.87742E-2
5.21874E-1 6.10901E-1 7.78694E-1 7.36841E-1 7.1281E-1 6.83892E-1 7.06815E-1 7.27494E-1 7.16528E-1 6.7015E-1 6.21103E-1 5.72283E-1 5.24971E-1 4.76577E-1 4.30269E-1 3.61561E-1 2.90895E-1 2.68366E-1 2.43197E-1 1.96206E-1 1.73829E-1 1.53313E-1 1.38216E-1 1.24146E-1 1.14957E-1 1.05603E-1 9.65016E-2 1.13362E-1 1.06141E-1 9.21031E-2 8.42769E-2 8.09214E-2 8.01666E-2 8.16141E-2 6.91181E-2 7.08266E-2 7.14197E-2 7.0152E-2 6.28671E-2 5.32569E-2 4.94669E-2 4.59619E-2 4.36878E-2 3.91068E-2 3.52669E-2 3.22585E-2 2.97581E-2 2.75051E-2 2.5915E-2 2.40854E-2 2.25932E-2 2.15498E-2 2.13079E-2 2.10402E-2 2.08286E-2 2.01743E-2 2.00486E-2 1.97844E-2 1.95906E-2 1.95812E-2 1.93201E-2
5.52639E-1 6.98438E-1 8.05025E-1 8.08223E-1 7.70033E-1 7.60418E-1 7.33293E-1 7.43973E-1 7.23783E-1 6.98887E-1 6.47536E-1 6.01513E-1 5.31781E-1 5.08297E-1 4.65008E-1 3.6665E-1 3.10826E-1 2.75441E-1 2.45294E-1 2.1799E-1 1.94699E-1 1.75218E-1 1.61682E-1 1.46251E-1 1.33498E-1 1.23461E-1 1.13955E-1 1.31611E-1 1.1753E-1 1.16149E-1 1.0327E-1 9.95E-2 9.68874E-2 9.12322E-2 8.02312E-2 7.73051E-2 7.98359E-2 7.53117E-2 6.70282E-2 6.00206E-2 5.70946E-2 5.20273E-2 4.37477E-2 3.91084E-2 3.64983E-2 3.39424E-2 3.13093E-2 2.88973E-2 2.70364E-2 2.55929E-2 2.4488E-2 2.31406E-2 2.30245E-2 2.22637E-2 2.13875E-2 2.14428E-2 2.16409E-2 2.12564E-2 2.08539E-2 2.05994E-2 2.04801E-2
7.08033E-1 7.90217E-1 8.66427E-1 8.34977E-1 8.02643E-1 7.95189E-1 7.54716E-1 7.4708E-1 7.41817E-1 7.18905E-1 6.82286E-1 6.27999E-1 5.80044E-1 4.9729E-1 4.81086E-1 3.86822E-1 3.33872E-1 2.96691E-1 2.66559E-1 2.3764E-1 2.1448E-1 1.96435E-1 1.79168E-1 1.64485E-1 1.5065E-1 1.38084E-1 1.26897E-1 1.22993E-1 1.2417E-1 1.22585E-1 1.24215E-1 1.09064E-1 9.58533E-2 9.20997E-2 8.73597E-2 8.84684E-2 8.94118E-2 7.97189E-2 7.00644E-2 7.37291E-2 6.21514E-2 5.24487E-2 4.70933E-2 4.36387E-2 3.8826E-2 3.57937E-2 3.28805E-2 3.05399E-2 2.86298E-2 2.69753E-2 2.53855E-2 2.41563E-2 2.35254E-2 2.2757E-2 2.22594E-2 2.18747E-2 2.1404E-2 2.12283E-2 2.16319E-2 2.15844E-2 2.08035E-2
8.02347E-1 8.39107E-1 8.86805E-1 8.37344E-1 7.80695E-1 8.02888E-1 7.90154E-1 7.67887E-1 7.47542E-1 7.35325E-1 7.11891E-1 6.51532E-1 5.88896E-1 5.23628E-1 4.62539E-1 4.01894E-1 3.58825E-1 3.22125E-1 2.87722E-1 2.59969E-1 2.37304E-1 2.17486E-1 2.01843E-1 1.89308E-1 1.69035E-1 1.54577E-1 1.42676E-1 1.32693E-1 1.33664E-1 1.37988E-1 1.24211E-1 1.20833E-1 1.13869E-1 1.10939E-1 1.05139E-1 9.97236E-2 9.26946E-2 8.37169E-2 8.38391E-2 7.69268E-2 6.95709E-2 6.19798E-2 5.38091E-2 4.69318E-2 4.13963E-2 3.78087E-2 3.50818E-2 3.26325E-2 3.04278E-2 2.82697E-2 2.66411E-2 2.54775E-2 2.43012E-2 2.40809E-2 2.34262E-2 2.30317E-2 2.24954E-2 2.20516E-2 2.19447E-2 2.17746E-2 2.16647E-2
8.94055E-1 9.03547E-1 8.98803E-1 8.58618E-1 8.34802E-1 8.16722E-1 7.95243E-1 7.81043E-1 7.58104E-1 7.4143E-1 7.26465E-1 6.69819E-1 6.0366E-1 5.43618E-1 4.84066E-1 4.32474E-1 3.85322E-1 3.46964E-1 3.14155E-1 2.89748E-1 2.66094E-1 2.52436E-1 2.48074E-1 2.21015E-1 1.89985E-1 1.73742E-1 1.60049E-1 1.49625E-1 1.43582E-1 1.41342E-1 1.43524E-1 1.32643E-1 1.26093E-1 1.21694E-1 1.18403E-1 1.10432E-1 9.92714E-2 9.222E-2 9.01838E-2 8.18104E-2 7.22654E-2 6.51605E-2 5.43674E-2 4.74042E-2 4.32373E-2 3.99463E-2 3.70837E-2 3.41767E-2 3.18408E-2 2.98951E-2 2.80016E-2 2.64583E-2 2.51989E-2 2.46262E-2 2.40755E-2 2.35621E-2 2.31813E-2 2.30621E-2 2.28176E-2 2.26134E-2 2.19363E-2
9.33266E-1 9.24942E-1 9.07636E-1 8.66337E-1 8.47883E-1 8.29296E-1 8.20029E-1 7.89913E-1 7.70861E-1 7.50427E-1 7.35232E-1 6.87424E-1 6.12235E-1 5.49443E-1 5.03552E-1 4.55277E-1 4.15655E-1 3.79364E-1 3.50469E-1 3.20968E-1 2.9687E-1 3.10559E-1 2.94221E-1 2.61787E-1 2.23713E-1 1.92163E-1 1.77139E-1 1.68299E-1 1.60115E-1 1.64697E-1 1.60128E-1 1.47339E-1 1.41406E-1 1.31212E-1 1.25166E-1 1.16623E-1 1.08314E-1 1.00358E-1 9.55913E-2 8.69449E-2 7.49973E-2 6.75828E-2 5.72447E-2 4.94509E-2 4.62363E-2 4.13777E-2 3.89696E-2 3.59466E-2 3.34084E-2 3.11515E-2 2.93093E-2 2.8125E-2 2.63178E-2 2.52969E-2 2.48903E-2 2.46456E-2 2.43524E-2 2.38697E-2 2.3616E-2 2.29526E-2 2.24549E-2
9.23912E-1 9.20389E-1 9.07562E-1 8.70685E-1 8.50287E-1 8.41089E-1 8.30372E-1 8.07112E-1 7.81426E-1 7.56856E-1 7.34286E-1 6.9139E-1 6.23205E-1 5.71305E-1 5.29292E-1 4.79022E-1 4.44134E-1 4.09585E-1 3.90829E-1 3.883E-1 3.70377E-1 3.50131E-1 3.12816E-1 2.96173E-1 2.62122E-1 2.27139E-1 1.96101E-1 1.87354E-1 1.73398E-1 1.76609E-1 1.74039E-1 1.62082E-1 1.55823E-1 1.42125E-1 1.37184E-1 1.25525E-1 1.1962E-1 1.08438E-1 1.01264E-1 9.03676E-2 7.98608E-2 7.09788E-2 6.19642E-2 5.40131E-2 5.08862E-2 4.49931E-2 4.14977E-2 3.81026E-2 3.52657E-2 3.28257E-2 3.07012E-2 2.96988E-2 2.78522E-2 2.60736E-2 2.55221E-2 2.50764E-2 2.46535E-2 2.41735E-2 2.30653E-2 2.33203E-2 2.29046E-2
9.32978E-1 9.21571E-1 9.04084E-1 8.79361E-1 8.51089E-1 8.45768E-1 8.31465E-1 8.05903E-1 7.7348E-1 7.49946E-1 7.31978E-1 6.92612E-1 6.443E-1 5.99461E-1 5.65568E-1 5.16181E-1 5.03966E-1 4.93835E-1 4.75077E-1 4.47462E-1 4.15596E-1 3.71647E-1 3.43945E-1 3.19755E-1 3.04758E-1 2.51315E-1 2.18999E-1 2.13278E-1 2.07275E-1 1.97485E-1 1.91173E-1 1.77158E-1 1.65246E-1 1.62103E-1 1.47222E-1 1.37601E-1 1.27793E-1 1.18167E-1 1.07375E-1 9.56066E-2 8.42205E-2 7.34223E-2 7.0052E-2 6.11649E-2 4.97429E-2 4.73526E-2 4.3769E-2 4.02067E-2 3.70919E-2 3.45739E-2 3.23189E-2 3.04747E-2 2.88621E-2 2.76054E-2 2.64326E-2 2.64825E-2 2.53089E-2 2.47664E-2 2.39632E-2 2.37857E-2 2.29283E-2
9.23627E-1 9.19384E-1 9.06863E-1 8.74376E-1 8.58401E-1 8.45517E-1 8.21616E-1 8.04216E-1 7.75141E-1 7.56933E-1 7.44847E-1 7.21546E-1 6.8003E-1 6.37991E-1 6.06654E-1 5.65531E-1 5.92508E-1 5.51914E-1 5.08472E-1 4.41605E-1 4.20838E-1 3.91731E-1 3.76309E-1 3.39144E-1 3.23628E-1 3.0342E-1 2.49176E-1 2.31819E-1 2.25704E-1 2.17251E-1 2.09089E-1 1.92862E-1 1.81988E-1 1.69929E-1 1.62584E-1 1.45916E-1 1.35339E-1 1.25652E-1 1.12685E-1 9.86079E-2 8.78902E-2 7.93492E-2 7.22053E-2 6.52167E-2 5.42951E-2 4.96077E-2 4.62511E-2 4.22235E-2 3.89257E-2 3.61442E-2 3.37635E-2 3.17753E-2 3.00693E-2 2.84599E-2 2.75769E-2 2.65584E-2 2.60475E-2 2.58262E-2 2.53484E-2 2.49293E-2 2.43279E-2
8.8094E-1 9.08751E-1 9.05048E-1 8.78332E-1 8.63372E-1 8.44987E-1 8.1804E-1 8.02036E-1 7.84524E-1 7.74456E-1 7.61715E-1 7.478E-1 7.2219E-1 6.92155E-1 6.71051E-1 6.44608E-1 5.99152E-1 5.6062E-1 5.24581E-1 4.73749E-1 4.53583E-1 4.38964E-1 4.14855E-1 3.81712E-1 3.42125E-1 3.05624E-1 2.73144E-1 2.76844E-1 2.46257E-1 2.2962E-1 2.24856E-1 2.15174E-1 1.96976E-1 1.84868E-1 1.68089E-1 1.54535E-1 1.44432E-1 1.31786E-1 1.19399E-1 1.03647E-1 9.17344E-2 8.48254E-2 7.62175E-2 6.87226E-2 5.82933E-2 5.21132E-2 4.81772E-2 4.40076E-2 4.05163E-2 3.76579E-2 3.51803E-2 3.33448E-2 3.14797E-2 2.87791E-2 2.90339E-2 2.82324E-2 2.77923E-2 2.73357E-2 2.65986E-2 2.59307E-2 2.53942E-2
7.76922E-1 8.86319E-1 9.0295E-1 8.78143E-1 8.63941E-1 8.43265E-1 8.23749E-1 8.11117E-1 7.91577E-1 7.80714E-1 7.78554E-1 7.64477E-1 7.47185E-1 7.33961E-1 7.07911E-1 6.7968E-1 6.37506E-1 5.15324E-1 5.00847E-1 5.12382E-1 4.95087E-1 4.73795E-1 4.42917E-1 4.10242E-1 3.69084E-1 3.27194E-1 3.28042E-1 3.15957E-1 2.85462E-1 2.69585E-1 2.40721E-1 2.37117E-1 2.15957E-1 2.00012E-1 1.81279E-1 1.67966E-1 1.56322E-1 1.41235E-1 1.26404E-1 1.08632E-1 9.58244E-2 8.52387E-2 7.88508E-2 6.9871E-2 5.93042E-2 5.43253E-2 4.98839E-2 4.56768E-2 4.21787E-2 3.91309E-2 3.68654E-2 3.52705E-2 3.24998E-2 2.96094E-2 3.04112E-2 3.017E-2 2.86449E-2 2.78051E-2 2.72409E-2 2.69017E-2 2.62969E-2
8.81745E-1 8.36075E-1 8.85093E-1 8.75684E-1 8.5521E-1 8.41859E-1 8.30767E-1 8.12792E-1 8.02791E-1 7.91827E-1 7.8821E-1 7.73737E-1 7.59791E-1 7.49706E-1 7.38867E-1 7.1093E-1 6.78385E-1 5.77201E-1 5.1157E-1 5.58167E-1 5.29357E-1 4.9924E-1 4.78922E-1 4.44057E-1 4.03568E-1 3.52424E-1 3.63364E-1 3.39433E-1 3.13606E-1 2.84997E-1 2.69697E-1 2.51057E-1 2.33357E-1 2.12222E-1 1.90441E-1 1.8003E-1 1.69506E-1 1.47948E-1 1.23757E-1 1.08314E-1 9.63159E-2 8.88439E-2 7.74143E-2 6.87267E-2 6.14521E-2 5.62994E-2 5.17276E-2 4.72899E-2 4.38828E-2 4.08917E-2 3.82226E-2 3.61257E-2 3.39163E-2 3.20967E-2 3.13507E-2 3.09071E-2 3.02595E-2 2.93492E-2 2.83697E-2 2.80591E-2 2.76085E-2
9.05385E-1 8.96034E-1 8.78156E-1 8.65428E-1 8.53886E-1 8.46599E-1 8.36877E-1 8.2422E-1 8.15822E-1 8.04449E-1 7.9602E-1 7.85715E-1 7.7281E-1 7.6306E-1 7.52897E-1 7.22278E-1 6.79896E-1 6.49469E-1 6.26877E-1 5.9574E-1 5.81579E-1 5.51358E-1 5.20384E-1 4.87492E-1 4.22317E-1 4.02595E-1 3.68373E-1 3.50409E-1 3.29431E-1 3.10939E-1 2.92909E-1 2.70908E-1 2.52576E-1 2.23078E-1 2.01436E-1 1.87574E-1 1.75778E-1 1.44106E-1 1.27144E-1 1.11278E-1 1.00589E-1 8.75207E-2 8.27533E-2 7.17689E-2 6.27492E-2 5.74793E-2 5.29902E-2 4.90372E-2 4.56339E-2 4.23684E-2 3.97013E-2 3.70816E-2 3.51418E-2 3.36192E-2 3.30648E-2 3.20547E-2 3.15675E-2 3.10384E-2 3.02814E-2 2.93626E-2 2.90311E-2
9.09831E-1 9.05951E-1 8.97959E-1 8.79067E-1 8.74006E-1 8.63994E-1 8.55776E-1 8.46523E-1 8.39138E-1 8.32288E-1 8.07999E-1 8.10285E-1 8.02584E-1 7.94606E-1 7.81498E-1 7.37749E-1 5.89445E-1 6.40814E-1 6.85647E-1 6.56954E-1 6.37858E-1 6.08371E-1 5.56319E-1 5.12438E-1 4.67289E-1 4.4309E-1 4.1196E-1 3.84155E-1 3.64502E-1 3.37884E-1 3.14769E-1 2.92297E-1 2.68549E-1 2.38778E-1 2.12513E-1 1.94883E-1 1.77555E-1 1.45899E-1 1.27945E-1 1.12975E-1 1.00957E-1 9.2463E-2 8.16612E-2 7.32126E-2 6.33869E-2 5.81181E-2 5.34025E-2 4.94966E-2 4.61878E-2 4.34053E-2 4.07924E-2 4.01765E-2 3.77746E-2 3.59563E-2 3.55319E-2 3.37508E-2 3.28559E-2 3.26861E-2 3.26012E-2 3.17604E-2 3.12314E-2
9.12633E-1 9.03956E-1 8.98878E-1 8.81469E-1 8.73266E-1 8.65962E-1 8.58501E-1 8.52052E-1 8.45611E-1 8.39608E-1 8.06071E-1 8.14417E-1 8.0684E-1 8.02708E-1 7.81456E-1 7.37307E-1 5.84504E-1 6.80919E-1 7.07917E-1 6.92502E-1 6.64014E-1 6.34212E-1 5.89119E-1 5.39815E-1 4.99561E-1 4.70372E-1 4.41532E-1 4.14599E-1 3.85572E-1 3.56671E-1 3.33974E-1 3.17028E-1 2.86357E-1 2.54558E-1 2.27575E-1 1.95763E-1 1.85597E-1 1.53524E-1 1.33064E-1 1.12709E-1 1.03523E-1 9.24118E-2 8.4597E-2 7.38882E-2 6.5244E-2 5.96954E-2 5.50696E-2 5.07884E-2 4.74235E-2 4.44059E-2 4.19214E-2 4.14967E-2 3.91586E-2 3.77791E-2 3.70426E-2 3.49213E-2 3.36088E-2 3.33158E-2 3.31243E-2 3.27019E-2 3.14713E-2
